Date,Close,High,Low,Open,Volume
2016-01-04,7.247352123260498,7.5242103869453585,7.247352123260498,7.475183402751164,43135315
2016-01-05,7.307915210723877,7.4348091106136645,7.232933269684775,7.325218854232068,23898487
2016-01-06,7.2790727615356445,7.449225687036997,7.152178923662737,7.209858221330134,37978811
2016-01-07,7.140644073486328,7.29349285817218,7.140644073486327,7.181018709995229,32592365
2016-01-08,7.1435322761535645,7.281961970913655,7.1435322761535645,7.195443733040584,20493097
2016-01-11,7.059889316558838,7.218505891359031,7.045469627940638,7.183898638675353,21775914
2016-01-12,7.091612339019775,7.221389531230808,7.039701462135362,7.152175028718257,20601339
2016-01-13,6.982025623321533,7.209857834258791,6.938767052178292,7.169482173810396,22142513
2016-01-14,7.082966327667236,7.088734207600926,6.823411216488243,7.007983888529267,26560210
2016-01-15,6.898394584655762,6.979144394420735,6.837831327546821,6.950305507180873,34372455
2016-01-18,6.817646026611328,6.941656008279558,6.817646026611329,6.921468420546173,12392397
2016-01-19,6.748426914215088,6.970490744516744,6.702283887484936,6.930115081965058,18904626
2016-01-20,6.653254985809326,6.696514578288299,6.5782730975571395,6.633067930091092,41764447
2016-01-21,6.66767692565918,6.7686148012973675,6.618649443329232,6.633069654011801,33511012
2016-01-22,6.731126308441162,6.8205284629650285,6.693635082350509,6.734010248909675,17895123
2016-01-26,6.803221702575684,6.8032217025756845,6.609997779730311,6.647488988640608,20848480
2016-01-27,6.82918119430542,6.927234661754282,6.699403351538334,6.768617926793811,26364292
2016-01-28,6.875325679779053,6.941656847369843,6.8061110848981,6.904165608475994,18712633
2016-01-29,7.195438385009766,7.1954383850097665,6.9214636545477255,6.95030304573712,34634926
2016-02-01,7.349825859069824,7.349825859069824,7.055486440749206,7.13051400447523,21820220
2016-02-02,6.821747303009033,7.069915952699515,6.709205939363648,7.058373248735886,84694310
2016-02-03,6.9862260818481445,7.023740358681898,6.853485591040565,6.865027772679738,43207476
2016-02-04,7.087226867675781,7.289224611988904,6.870801264274819,7.098769566523832,42762547
2016-02-05,7.1564860343933105,7.2574846912802435,7.01797359066266,7.069915757061653,26927931
2016-02-10,7.191112995147705,7.199770535968585,7.026629494525772,7.064143275369371,13666988
2016-02-11,6.977567672729492,7.0901089291450115,6.899653980739093,7.049709503765082,19976755
2016-02-12,7.032398223876953,7.046826595745861,6.90254287705678,7.0295125495031705,19052873
2016-02-15,7.009312152862549,7.168024228113302,7.009312152862549,7.1535958576359615,12260413
2016-02-16,7.179567337036133,7.297879973270599,6.971798290640083,7.026626097675568,35682192
2016-02-17,7.257486820220947,7.462370384479685,7.113202982343378,7.271915718481294,47510576
2016-02-18,7.110309600830078,7.1853365953256745,7.026624557125,7.179565762954009,34862625
2016-02-19,7.194619178771973,7.242050178912124,7.043435078954808,7.076043528201532,23205856
2016-02-22,7.485134124755859,7.529599676769414,7.33691332783959,7.396201963711325,48021496
2016-02-23,7.378414630889893,7.55924333627508,7.328019217273897,7.419915772469648,22705965
2016-02-24,7.316159725189209,7.366554597401514,7.159045771548218,7.274658065720253,19827199
2016-02-25,7.322086334228516,7.452520072535696,7.194615942048048,7.2450113239932294,19905716
2016-02-26,7.322086334228516,7.464377685109077,7.2687265491399895,7.372480659157065,17601619
2016-02-29,7.529596328735352,7.556276493694091,7.351732085733596,7.440664207234474,39383703
2016-03-01,7.8840508460998535,7.8840508460998535,7.563705587402025,7.60523175608981,41830626
2016-03-02,8.06795883178711,8.094654247058767,7.780241049482652,7.889988867821685,45651221
2016-03-03,8.865846633911133,8.889575866352859,8.153968603018376,8.156934757073591,78392020
2016-03-04,9.298919677734375,9.622231467747058,8.865859499596935,8.865859499596935,94016883
2016-03-07,9.257389068603516,9.313745521875921,8.98746825712467,9.298915265935493,34232994
2016-03-08,9.46501636505127,9.604426216276627,9.141704854483711,9.218824905175602,36110670
2016-03-09,9.150604248046875,9.696378058904402,9.150604248046875,9.57773180820532,42538586
2016-03-10,9.509505271911621,9.64001714475235,9.109074890461116,9.370096520860075,49916558
2016-03-11,9.589600563049316,9.78536696100986,9.429428055627051,9.438325999440524,29720516
2016-03-14,9.545097351074219,9.847646151181687,9.503571190343534,9.645947656204077,29833991
2016-03-15,9.120942115783691,9.361200201764996,8.922209152496993,9.195095480420347,41867828
2016-03-16,8.851021766662598,9.002295724368013,8.495082513829026,8.987465473021645,50943260
2016-03-17,9.817995071411133,9.930709056377411,9.281120035250657,9.669687196455502,69766752
2016-03-18,9.844687461853027,9.877315714884475,9.586632353736462,9.80019563947786,32010218
2016-03-21,9.847649574279785,9.95443116756228,9.657815630666459,9.844682890090116,26401307
2016-03-22,9.595531463623047,9.817993775514335,9.542140635686183,9.817993775514335,26038634
2016-03-23,9.290013313293457,9.491711921935975,9.147637824839915,9.441287798596171,21814051
2016-03-24,9.192132949829102,9.206963204695311,9.017129173499592,9.017129173499592,18014020
2016-03-28,9.420526504516602,9.586632339714424,9.38196699569065,9.565868713698977,28095403
2016-03-29,9.476883888244629,9.637056350234278,9.212895412811111,9.432391008871,24704407
2016-03-30,9.530272483825684,9.666715660331139,9.459084739561966,9.551036104723426,23434116
2016-03-31,9.257389068603516,9.257389068603516,9.257389068603516,9.257389068603516,136282
2016-04-01,9.321189880371094,9.321189880371094,9.321189880371094,9.321189880371094,563452
2016-04-04,8.994752883911133,9.2796418037101,8.956174848387883,9.220290165866581,74030
2016-04-05,9.012557983398438,9.152034855341295,8.739540461189046,8.947272242759267,167689
2016-04-06,8.75438117980957,8.97991799527191,8.700964690928402,8.88792240201249,83564
2016-04-07,8.84934139251709,8.976947414188123,8.769217210310318,8.873082047711701,50475
2016-04-08,9.40725040435791,9.490342724794338,9.080816288357655,9.11049211708495,31598565
2016-04-11,9.454729080200195,9.724779574999767,9.428021370906903,9.555627927741899,24115
2016-04-12,9.882062911987305,9.95328488788665,9.531887138998618,9.564531073694269,69730
2016-04-13,10.003738403320312,10.20553408414009,9.97109445528884,10.134312079144875,308459
2016-04-14,9.712911605834961,10.08979404643364,9.656525952280399,10.036377562542864,38703784
2016-04-15,9.775232315063477,9.858324640398935,9.70104220979586,9.801941091567976,32538525
2016-04-18,9.704005241394043,9.828643664142875,9.44285701177036,9.650588774501685,31506214
2016-04-19,9.757428169250488,9.876131507611708,9.656529273492817,9.793039170758854,35332
2016-04-20,9.576398849487305,9.689166947925264,9.481436240276393,9.689166947925264,19869449
2016-04-22,9.401312828063965,9.582335865960378,9.365701842722062,9.436923813405866,24075711
2016-04-25,9.31822395324707,9.47253827977029,9.249970068667842,9.377575617294463,13965913
2016-04-26,9.641691207885742,9.644659320211563,9.241066939987592,9.37757576951242,16548932
2016-04-27,9.971085548400879,9.991859143710018,9.674327459339732,9.701035158280375,26734256
2016-04-28,9.902838706970215,10.149148650144186,9.78116832064736,9.822714486880873,23876428
2016-04-29,9.754453659057617,10.042309594862672,9.629815235525005,9.965152475532959,36798814
2016-05-02,9.485773086547852,9.788605915156637,9.444207941649344,9.747039711624177,24306775
2016-05-03,8.939486503601074,9.230443551697753,8.930580216914041,9.227474083712835,41092380
2016-05-04,9.1591796875,9.185900640679984,8.927602680682728,9.043391713407818,25735222
2016-05-05,9.022616386413574,9.313572328842747,8.889013638634353,9.25419356508169,19834303
2016-05-06,9.025581359863281,9.108711597486764,8.891978662937468,8.90682387754402,16213552
2016-05-09,9.081990242004395,9.147307913089382,8.725717810449424,8.957294890960156,30498768
2016-05-10,9.65202808380127,9.65202808380127,9.162152915790061,9.200749628761452,27755350
2016-05-11,9.59265422821045,9.871734467627649,9.54515120873518,9.776728428677112,27002148
2016-05-12,9.687655448913574,9.809382405093832,9.518425496884115,9.738127911320028,25497428
2016-05-13,9.322479248046875,9.687659199327557,9.224504810495421,9.625310963821734,25352733
2016-05-16,9.17996597290039,9.423418808632178,9.17996597290039,9.248252053702773,16270197
2016-05-17,8.984018325805664,9.36107394898225,8.98104885874197,9.236378563611288,20128928
2016-05-18,9.12355899810791,9.29872687614112,8.847448282837913,8.891981825228633,27510826
2016-05-19,9.046364784240723,9.102775126353368,8.933545158648885,9.028551159147275,20002367
2016-05-20,8.930577278137207,9.18887538657117,8.924639402755203,9.147310258897136,15740955
2016-05-23,8.960265159606934,9.046363808959647,8.743532215019057,8.785097335756001,23141173
2016-05-24,8.951358795166016,9.194810584328525,8.850413872812462,9.061208941074304,12885558
2016-05-25,8.909789085388184,9.120584070115765,8.891975469437948,9.040423327656157,16382177
2016-05-27,8.820725440979004,9.043396281639406,8.814787566009839,8.906825157348614,12697491
2016-05-30,8.817756652832031,8.903855841343098,8.758377902134743,8.802911965157708,4769527
2016-05-31,8.624774932861328,8.859321520609573,8.541645213620033,8.782129146948563,60103191
2016-06-01,8.753996849060059,8.804494894314258,8.549034194793013,8.635177919050177,20483563
2016-06-02,8.884693145751953,8.911427389790829,8.626261590452591,8.77478516844635,21470446
2016-06-03,8.875772476196289,8.994591751376795,8.792599354282725,8.961916066749621,14172113
2016-06-06,8.789634704589844,8.938158234904453,8.703490527417316,8.911424529037877,12747966
2016-06-07,8.932222366333008,8.961927089265348,8.682702693701346,8.762905445618665,16699236
2016-06-08,9.068859100341797,9.163914161407192,8.967863097959814,8.982715980841345,20900824
2016-06-09,9.048067092895508,9.095594627407564,8.923307314801356,9.033214208770383,15030751
2016-06-10,8.584671974182129,8.985685493952898,8.584671974182129,8.941128965790627,26684342
2016-06-13,8.62328815460205,8.667844683093465,8.468823156996296,8.554966802620443,15548589
2016-06-14,8.498537063598633,8.77182117863478,8.427245693482407,8.632208382566557,30247514
2016-06-15,8.456941604614258,8.65893359647761,8.344063197218238,8.519320954864382,39239007
2016-06-16,8.611407279968262,8.67675817307605,8.320301115207807,8.379710536587492,26521887
2016-06-17,8.590617179870605,8.792609275289683,8.557941458374279,8.700524643554516,29313536
2016-06-20,8.733200073242188,8.846078011990917,8.670820159723151,8.727259129097517,28725407
2016-06-21,8.730225563049316,8.730225563049316,8.504469260383948,8.56982014533792,26254929
2016-06-22,8.578730583190918,8.834192109188889,8.546055936792625,8.71834322836748,23824831
2016-06-23,8.91142749786377,8.941132213822764,8.608438865491799,8.670818769005686,20487115
2016-06-24,8.599526405334473,8.75696138077914,8.522293623639376,8.614378231918332,33130019
2016-06-27,8.311393737792969,8.65002815525649,8.27277812227506,8.632205319052643,26590869
2016-06-28,8.602499008178711,8.62329231197471,8.439123049781575,8.474768713431859,23885027
2016-06-29,8.795578956604004,8.837165028651793,8.661907207463043,8.7302280530112,25256643
2016-06-30,9.000545501708984,9.065895904815862,8.74508430542801,8.780729979849943,39268918
2016-07-01,9.186290740966797,9.210067351767291,8.91584437711319,9.037693546622663,37093439
2016-07-04,9.180343627929688,9.278417200567796,9.126848662934828,9.236810005571794,6881819
2016-07-05,9.114954948425293,9.165478473696789,9.034713073787984,9.09415189192835,13175322
2016-07-06,9.150625228881836,9.177373247328271,8.930701433776884,9.034719974827762,14127620
2016-07-07,9.242751121520996,9.37648902379387,9.094154041053704,9.198172527233119,17326436
2016-07-08,9.492390632629395,9.51616721623137,9.30813032242179,9.346766078607754,22359369
2016-07-11,9.584527015686035,9.652881157677218,9.468620737924883,9.534004527219272,17390558
2016-07-12,9.504287719726562,9.733127891621496,9.459709098531992,9.67368902355856,28032402
2016-07-13,9.700432777404785,9.706376661596725,9.459704937778909,9.489424358738598,21054493
2016-07-14,9.976825714111328,9.994657369889868,9.813368339622203,9.88172249025412,37093626
2016-07-15,9.944132804870605,10.009515536081473,9.840114293546335,9.956020574181673,22014643
2016-07-18,10.113534927368164,10.155142123577072,9.914414244230189,9.982769453568737,18419316
2016-07-19,10.054094314575195,10.164055641156956,10.021402421999136,10.045179018230222,16590247
2016-07-20,10.211610794067383,10.253216935588929,10.018433972805422,10.098676962166497,24738244
2016-07-21,10.074895858764648,10.27104400550562,9.887664066727849,10.211606232864495,29257453
2016-07-22,10.137307167053223,10.21754906090308,10.00356926436396,10.048148918495256,14197724
2016-07-25,10.060042381286621,10.214583432959838,9.988714682347606,10.134341493674434,9988097
2016-07-26,9.932246208190918,10.152171026115525,9.93224620819092,10.074899456765797,13956565
2016-07-27,9.970877647399902,10.131363558865793,9.941159290111733,9.98573788574864,19285620
2016-07-28,9.860918045043945,9.964936552416205,9.765815894168659,9.964936552416205,25702320
2016-07-29,10.042201042175293,10.092723499749905,9.780670283731128,9.780670283731128,22194110
2016-08-01,9.939632415771484,10.138842646166754,9.903953256344959,10.034777901084777,17309237
2016-08-02,10.058563232421875,10.204252592101152,9.915846605711168,9.945579236275899,38310078
2016-08-03,10.477795600891113,10.477795600891113,9.990179318132244,9.996125845236914,41499546
2016-08-04,10.537261009216309,10.721603351862653,10.522394161172958,10.555100590762729,31799905
2016-08-05,10.474814414978027,10.653210102220928,10.346964702541568,10.644290847946401,22224208
2016-08-08,10.4064359664917,10.531313019980058,10.37075680835217,10.379676067799126,17160616
2016-08-09,10.427242279052734,10.561039575179967,10.424269547672809,10.480760985468578,15040659
2016-08-10,10.34102725982666,10.540235422079903,10.231015959341125,10.465904350548088,19489950
2016-08-11,10.605645179748535,10.614564439237729,10.343996958643752,10.436168647695279,22349648
2016-08-12,10.68592357635498,10.751335371609745,10.56996683303678,10.614565254258876,20185386
2016-08-15,10.920137405395508,10.947197716094765,10.718691880217746,10.7607859351005,17211839
2016-08-16,10.875044822692871,10.980276806619065,10.829944635240043,10.853997782660688,26356066
2016-08-17,11.019363403320312,11.019363403320312,10.766805362368705,10.853997483324797,27314907
2016-08-18,10.998318672180176,11.05845155169402,10.863019157234808,10.950212368569101,19306370
2016-08-19,10.926151275634766,10.989291289273346,10.802879498264556,10.914124708472908,16847296
2016-08-22,10.715686798095703,10.90510577484934,10.688627556889585,10.875039355688262,12684779
2016-08-23,10.697648048400879,10.89007315085055,10.652548951053143,10.784841208987293,14814082
2016-08-24,10.646538734436035,10.754777896652833,10.520259711849773,10.59843244011746,22487800
2016-08-25,10.613460540771484,10.745752779693328,10.559340988485275,10.63751367512091,16346283
2016-08-26,10.742746353149414,10.881051871528674,10.62247961291591,10.682612446993849,18366785
2016-08-29,10.932167053222656,11.00432647265587,10.682615191643837,10.703662225017476,12148620
2016-08-30,11.004325866699219,11.02838007726364,10.87203360502304,10.944193020482773,8184639
2016-08-31,10.778825759887695,11.091516488572578,10.673592767079946,11.034389761716348,31667735
2016-09-01,10.88560676574707,10.984866939642965,10.702124310704933,10.75325915220161,24332574
2016-09-02,11.045023918151855,11.126237755170772,10.936739517144174,10.936739517144174,22673624
2016-09-05,11.04803466796875,11.129248521994342,10.981860853495746,11.04803466796875,5983174
2016-09-06,11.153310775756836,11.153310775756836,10.92771876023238,11.099168563327781,13571272
2016-09-08,11.020967483520508,11.111205612282268,10.993896902913551,11.051047574792404,22690262
2016-09-09,10.602863311767578,10.894630184702594,10.554736905718622,10.864551180921996,25391243
2016-09-12,10.741227149963379,10.77732195591417,10.470516105332454,10.58180895994396,21451190
2016-09-13,10.527666091918945,10.693101145099352,10.419381680845868,10.629934702376854,32136219
2016-09-14,10.536689758300781,10.657006848859709,10.50059495289104,10.533682394113198,19043339
2016-09-15,10.76528549194336,10.819427671022913,10.548715703099258,10.58781892425299,21254337
2016-09-16,10.521653175354004,10.73521361946761,10.455479350448469,10.711151482937753,27323881
2016-09-19,10.596837997436523,10.729186567778365,10.542695839238917,10.644964360278841,13582488
2016-09-20,10.620908737182617,10.759271042321597,10.593837105289428,10.666026693636438,9553824
2016-09-21,10.723176002502441,10.780326628231016,10.449457689220074,10.738216035993261,27795730
2016-09-22,10.894636154174805,10.999913261354349,10.780335877180251,10.825454943836348,16918522
2016-09-23,10.867560386657715,10.921703675164364,10.759275954697642,10.888616229135481,11186788
2016-09-26,10.783339500427246,10.807402705891775,10.699117208774851,10.741227818337778,14829599
2016-09-27,10.906662940979004,10.918694543765112,10.663022448297033,10.81943435704299,23673780
2016-09-28,10.98486328125,11.042013904328968,10.828452517332686,10.918689496515752,20488985
2016-09-29,10.705130577087402,11.075103885807119,10.699114777088536,11.008929013293294,24189187
2016-09-30,10.684075355529785,10.828454549315762,10.626924721726377,10.753257588815357,29053309
2016-10-03,10.9383544921875,10.968446208649622,10.682574365769597,10.682574365769597,26738182
2016-10-04,11.034638404846191,11.085793741930045,10.908253305429925,10.97144531864866,49947217
2016-10-05,11.25130844116211,11.299455187919877,11.049693402624087,11.073767848982708,24211807
2016-10-06,11.344594955444336,11.392741709229995,11.21520001815543,11.233255050825052,18793954
2016-10-07,11.449914932250977,11.489034704447223,11.287419645470862,11.434869608853852,21320142
2016-10-10,11.464962005615234,11.609402269059853,11.43487028406427,11.558245805933261,14760429
2016-10-11,11.42584228515625,11.486025728542858,11.344595173074287,11.428851993815538,28362547
2016-10-13,11.555233001708984,11.63046174195761,11.287416240030568,11.389728056394775,34143073
2016-10-14,11.77489948272705,11.829064545678213,11.627449608203738,11.663559650171178,23805576
2016-10-17,12.033698081970215,12.033698081970215,11.71773441661501,11.798982614813239,28465741
2016-10-18,12.201001167297363,12.247343151836608,11.88654306567855,12.01563644807888,24643089
2016-10-19,12.002400398254395,12.210937261206295,11.965989898249713,12.131494902219833,15662931
2016-10-20,12.03880786895752,12.164591114083214,11.82034172443311,11.893163772607913,17454034
2016-10-21,12.01894760131836,12.105010221154574,11.92626577039898,11.989156323035965,11124587
2016-10-24,11.916329383850098,12.11162553764157,11.886539190765722,12.108315396967845,15957625
2016-10-25,11.853442192077637,11.956054435875666,11.694557540993546,11.87330196872856,14272570
2016-10-26,11.926265716552734,11.992466410922205,11.734279625558846,11.777311471772462,17106827
2016-10-27,12.18114185333252,12.300304815009373,11.93288443136295,11.946124998878053,19029301
2016-10-28,12.2837553024292,12.356576278537307,12.071908366010966,12.14804055701077,16462546
2016-10-31,12.710749626159668,12.856394723154734,12.571726955575976,12.631308406677272,35586680
2016-11-01,12.334912300109863,12.824997142594826,12.262061807035124,12.824997142594826,30131455
2016-11-03,12.070001602172852,12.533596072717785,12.070001602172852,12.252128384672192,27774928
2016-11-04,12.169347763061523,12.394522205557966,12.007089535271586,12.09980867592285,23391408
2016-11-07,12.60644817352295,12.682610116602488,12.338226191694464,12.424322441271185,19227293
2016-11-08,12.636250495910645,12.828310525584133,12.464058004893854,12.60644757782738,16246880
2016-11-09,12.23226547241211,12.563404840885628,12.086564407899578,12.119678774106621,33063942
2016-11-10,11.622965812683105,12.34815938777532,11.447461893812903,12.212392691320455,49992152
2016-11-11,11.473955154418945,11.808404794609412,11.338188436913935,11.473955154418945,45103030
2016-11-14,11.404412269592285,11.669322744712701,11.228908382115934,11.377920792720813,29660863
2016-11-16,11.96735954284668,11.96735954284668,11.464028492345415,11.67595729921965,32550693
2016-11-17,11.609718322753906,12.070000232593951,11.546802136807363,12.070000232593951,26527155
2016-11-18,11.719003677368164,11.881261971607962,11.563368258272812,11.563368258272812,15649845
2016-11-21,11.815034866333008,11.874639672122989,11.715692807749978,11.805100553134745,20891273
2016-11-22,11.854765892028809,12.03026877947746,11.695819111147708,11.987221184963381,21853190
2016-11-23,11.745488166809082,11.887877750620115,11.632901503358037,11.78522539395573,11968728
2016-11-24,11.622965812683105,11.788534352550704,11.583228590267767,11.781912555546915,6520301
2016-11-25,11.543487548828125,11.589846548599128,11.430899873100953,11.48057138006808,13619283
2016-11-28,11.788535118103027,11.83158377851524,11.454085508048488,11.546804626306724,12495063
2016-11-29,11.503752708435059,11.765352812052168,11.50375270843506,11.705748064835149,12408049
2016-11-30,11.728928565979004,11.920988570650492,11.642832331678449,11.656078071324485,21543201
2016-12-01,11.197222709655762,11.19722270965576,11.19722270965576,11.19722270965576,40584060
2016-12-02,11.243612289428711,11.465569343460563,10.945460990763412,11.077972440424853,22441557
2016-12-05,11.20385456085205,11.352931235480941,11.130973179892072,11.28336161952237,11847554
2016-12-06,11.352933883666992,11.445691245540818,11.068033971081643,11.134288615932084,20553073
2016-12-07,11.263486862182617,11.495381311375153,11.200543991071452,11.495381311375153,23717882
2016-12-08,11.197222709655762,11.395989690753863,11.160781505835255,11.395989690753863,15535639
2016-12-09,11.230354309082031,11.36286568062429,11.1640986233109,11.35955284264306,30086758
2016-12-12,10.766566276550293,11.160787617926843,10.703622344571546,11.081280567175762,38592585
2016-12-13,10.816259384155273,10.971960670215964,10.690373649241709,10.703623931453283,35170812
2016-12-14,10.793062210083008,11.011706215698926,10.769872352655335,10.769872352655335,25901569
2016-12-15,10.75,10.862634340314846,10.554545786463793,10.766564189414963,29999743
2016-12-16,10.557862281799316,10.872576620439633,10.557862281799318,10.836136464956573,23767337
2016-12-19,10.272963523864746,10.68043632527005,10.272963523864746,10.60092925385005,23142431
2016-12-20,10.534669876098633,10.647304228355477,10.3359017297517,10.402158494436385,24209037
2016-12-21,10.531354904174805,10.643989233611535,10.461786389204272,10.634051794775754,16264045
2016-12-22,10.6174898147583,10.647305362041058,10.465101387464891,10.534670997791325,25601777
2016-12-23,10.917201042175293,11.011343040313132,10.691930743266935,10.708742203607255,20938689
2016-12-26,11.004621505737305,11.06178048673408,10.930652149625756,10.930652149625756,4838136
2016-12-27,10.997895240783691,11.09539953346188,10.886940689608231,11.09539953346188,13612825
2016-12-28,11.256787300109863,11.313945176441559,10.98444599708872,10.98444599708872,11636306
2016-12-29,11.381195068359375,11.394644242953708,11.149201166145069,11.260154676779347,13063036
2017-01-02,11.278594017028809,11.349232347391538,11.20459190472657,11.251683761512751,3518134
2017-01-03,11.756241798400879,11.762968270361366,11.362684854095727,11.382866450710523,28568595
2017-01-04,11.806703567504883,11.850431655012695,11.675518214614215,11.705791170468167,15430610
2017-01-05,11.968159675598145,12.10270877440381,11.709151733585346,11.803336538896085,24913310
2017-01-06,12.008517265319824,12.065700436834598,11.843694220630484,11.954696783549378,15881997
2017-01-09,12.06570816040039,12.109436239464005,11.833610455292689,11.890794753778907,18244302
2017-01-10,12.025347709655762,12.220443872258029,11.964800699907979,12.143077945811592,13312693
2017-01-11,12.048891067504883,12.159893708186738,11.924432206587328,12.106074279079387,13097536
2017-01-12,12.354984283447266,12.395348564597256,12.210343882912689,12.311256221337562,24436430
2017-01-13,12.102706909179688,12.418896915532894,12.018613462794583,12.311258089224031,11838547
2017-01-16,12.112799644470215,12.149801248220632,12.008524578271194,12.102709388359814,6335566
2017-01-17,12.439088821411133,12.465999093111579,12.038805072072442,12.075805605292983,17689925
2017-01-18,12.341537475585938,12.496269323261112,12.284354251106155,12.496269323261112,13666699
2017-01-19,12.274253845214844,12.482806070636448,12.173342603615001,12.348255931225776,14702204
2017-01-20,12.311257362365723,12.425623744862529,12.2137087958596,12.341530303442312,18337605
2017-01-23,12.724997520446777,12.724997520446777,12.260802188674887,12.294440005629447,22194280
2017-01-24,12.694729804992676,12.765368159329014,12.52317904858987,12.66445575726255,19308529
2017-01-26,12.866291046142578,12.960475966779933,12.76201585755146,12.782197483827254,23296406
2017-01-27,12.799006462097168,12.977284806423956,12.7653697175473,12.916736703572838,15538358
2017-01-30,12.526541709899902,12.77882214729032,12.449175796329548,12.731729188371816,11864379
2017-01-31,12.526541709899902,12.603907623470255,12.391992579438554,12.533269275459688,19136200
2017-02-01,12.659457206726074,12.736854263443535,12.588790423706316,12.635901248784117,23350960
2017-02-02,12.622435569763184,12.730117714230555,12.319577765889647,12.545038551199823,24467701
2017-02-03,12.884926795959473,12.995975296083992,12.59552919494148,12.615720029656275,23920122
2017-02-06,12.790701866149902,13.019528015809005,12.773877264156633,12.888289793582853,14699315
2017-02-07,13.039719581604004,13.308926318338793,12.99933791660975,13.231529217906532,38537182
2017-02-08,13.376220703125,13.376220703124998,12.969044623866845,13.049806812390726,32613914
2017-02-09,13.436795234680176,13.625239658389477,13.2550799950263,13.35603302714582,33721139
2017-02-10,13.480541229248047,13.544477751045145,13.32574708561031,13.44015957918273,35535695
2017-02-13,13.416607856750488,13.618512882051562,13.282004506549772,13.527655238883776,15126399
2017-02-14,13.460349082946777,13.527650735642982,13.319015503204124,13.41660339047642,21526206
2017-02-15,14.02568531036377,14.02568531036377,13.524286386878517,13.574763447447939,43222533
2017-02-16,13.753114700317383,14.13336983130274,13.712734136077719,13.914639138888955,28074720
2017-02-17,13.746381759643555,13.796857723854245,13.561301406194083,13.648793877417134,15904430
2017-02-20,13.810324668884277,13.914642881673327,13.753118399654625,13.817056037342372,7429024
2017-02-21,14.0111083984375,14.05569653938921,13.856762096834666,13.9973875165433,15926864
2017-02-22,14.052267074584961,14.069416787769715,13.884202109000066,13.976809448384891,16952682
2017-02-23,13.839614868164062,14.237481569093728,13.743577579885592,14.134585506907365,27570648
2017-02-24,13.729850769042969,13.849897595795348,13.62009487740849,13.685262646531278,10750527
2017-03-01,13.707551956176758,13.868817443413933,13.662947105596665,13.803625225383271,14542791
2017-03-02,13.566872596740723,13.724706841647638,13.481094131326818,13.656083401978897,14514749
2017-03-03,13.813919067382812,13.813919067382814,13.580598903624834,13.656084806245666,10726224
2017-03-06,13.759018898010254,13.882540864996773,13.611478338242721,13.72813785014895,14110098
2017-03-07,13.529131889343262,13.820781822293261,13.44335230102335,13.820781822293261,13099406
2017-03-08,13.374733924865723,13.556586854534913,13.295816762662291,13.553155625211723,14638473
2017-03-09,13.415905952453613,13.501685562996114,13.244347843598408,13.330127454140907,15190640
2017-03-10,13.422772407531738,13.676680085861197,13.333561541511653,13.484534546320347,15942329
2017-03-13,13.666374206542969,13.714410270525596,13.474228838383336,13.50510876800462,11098924
2017-03-14,13.532563209533691,13.793332092061963,13.532563209533691,13.60461788625645,14875383
2017-03-15,13.662952423095703,13.735007124986268,13.381596074021111,13.621778784399625,24308288
2017-03-16,13.48794937133789,13.717838160532851,13.381582485024579,13.673232225660366,23336684
2017-03-17,13.100241661071777,13.62521202735571,13.100241661071777,13.621780797604766,33753599
2017-03-20,13.244343757629395,13.302673518889637,12.973280093983291,13.055628450209877,20169326
2017-03-21,12.959555625915527,13.278655378181154,12.7674101962999,13.203169475076892,27096828
2017-03-22,13.065923690795898,13.237482879397962,12.87377824485607,12.901226958716283,14593436
2017-03-23,12.993870735168457,13.096805372216087,12.870348725819408,12.887503757174192,14751660
2017-03-24,13.134550094604492,13.17572373075969,12.938973376465087,13.038476793935917,11084139
2017-03-27,13.230626106262207,13.244351025202823,12.92868233848892,13.024755658843164,10561542
2017-03-28,13.186015129089355,13.275224836454559,13.035043315076567,13.161996532059739,16415980
2017-03-29,13.381589889526367,13.446782102799746,13.141407290151706,13.148269745467786,13415683
2017-03-30,13.223764419555664,13.467378408297591,13.151709703136799,13.467378408297591,17325382
2017-03-31,13.004162788391113,13.247776660011532,13.004162788391113,13.131116010515596,16325906
2017-04-03,13.222129821777344,13.239292757462323,12.974986885923824,13.040206041526744,19260773
2017-04-04,13.290781021118164,13.331972068526412,13.122586469541378,13.174075278801686,16438243
2017-04-05,13.047074317932129,13.38003092710069,12.954396660634242,13.359435397625417,15706439
2017-04-06,12.944095611572266,13.11915534235308,12.844551690369626,13.009313659025672,17476298
2017-04-07,13.043634414672852,13.201531160092207,12.872008436639906,12.94409163670789,15351243
2017-04-10,13.019607543945312,13.12944808189236,12.872008556118477,13.043634535744463,22004616
2017-04-11,12.995577812194824,13.156907125231141,12.796491166676423,13.077958761674426,19661345
2017-04-12,12.978425979614258,13.115728421258702,12.896044959695839,12.995588923903641,21652479
2017-04-13,12.741573333740234,13.002445462935768,12.741573333740234,12.906334151441154,15123510
2017-04-17,13.311372756958008,13.335400861108749,12.779329668022973,12.82052070370996,18165445
2017-04-18,13.263317108154297,13.369726175497963,13.122583288959982,13.246155288563891,19971504
2017-04-19,13.14661693572998,13.352569984327232,13.095129229915822,13.33540704483241,14120975
2017-04-20,12.954385757446289,13.30107131513659,12.906329562450962,13.215257793885845,16887421
2017-04-24,13.204963684082031,13.30107498794227,13.098555733977651,13.215261442995963,21389907
2017-04-25,13.290781021118164,13.318241719390329,13.057368423815097,13.146614580529521,13224999
2017-04-26,13.314809799194336,13.483004359197873,13.194671463574759,13.194671463574759,14693027
2017-04-27,13.390323638916016,13.561950761104548,13.362862943311452,13.441811330504576,41058730
2017-04-28,13.476133346557617,13.513890679547318,13.280478171661995,13.386887224032394,18621761
2017-05-02,13.752555847167969,13.786894822307843,13.563694823183114,13.598032685228171,37004233
2017-05-03,13.525923728942871,13.821234501594528,13.405739526340906,13.817800603629045,32877507
2017-05-04,13.082963943481445,13.58087159937312,13.03832436127845,13.5121947197017,22975370
2017-05-05,13.28899097442627,13.323329961486419,13.028019125149958,13.14820335367007,19536772
2017-05-08,13.319899559020996,13.419481534538749,13.189412487037062,13.189412487037062,13822373
2017-05-09,13.354233741760254,13.426344500438473,13.292424679049665,13.385138829663143,9159625
2017-05-10,13.419478416442871,13.522493154536392,13.354234339063009,13.495023077155897,13648004
2017-05-11,13.649547576904297,13.701054950779374,13.402310178732309,13.474420947395554,14431984
2017-05-12,13.780029296875,13.804065470336894,13.625506109484961,13.73195583685621,31983570
2017-05-15,13.83840560913086,13.886479073172438,13.69075020554412,13.786898246722373,16124516
2017-05-16,13.821244239807129,13.886487234025436,13.687324350985566,13.855583243656632,18406604
2017-05-17,13.539658546447754,13.780028050999494,13.440076624238987,13.677012231021635,23234714
2017-05-18,11.908585548400879,12.341251285937629,10.8852991611166,10.8852991611166,118871187
2017-05-19,12.217628479003906,12.506071451928323,12.06653808360617,12.276003630553856,49512213
2017-05-22,11.977267265319824,12.107753250540798,11.795272775593952,12.083717061534232,40695037
2017-05-23,12.166129112243652,12.289748416764402,12.028775318861292,12.073414912127035,32435297
2017-05-24,12.265703201293945,12.488903249838065,12.197026348903066,12.197026348903066,32488831
2017-05-25,12.035632133483887,12.399619687621046,11.956653607417776,12.354980135103144,36872182
2017-05-26,12.361847877502441,12.423658035193215,12.159251255467272,12.162685153116758,30849493
2017-05-29,12.361847877502441,12.361847877502441,12.361847877502441,12.361847877502441,0
2017-05-30,12.337823867797852,12.389331270213448,12.269146960211733,12.289750366416357,9089095
2017-05-31,12.207331657409668,12.437398457513003,12.197029959537211,12.317214208525106,22167088
2017-06-01,12.068195343017578,12.305230935549341,12.009795559990376,12.257136079532547,15306716
2017-06-02,12.188444137573242,12.257150039425882,12.068209087722591,12.18844413757324,15952186
2017-06-05,12.174691200256348,12.32927961136008,12.092243973430033,12.119726753560416,14381338
2017-06-06,12.370500564575195,12.425466115489904,12.126595386649756,12.164383089338973,21311050
2017-06-07,12.573184967041016,12.631584756713977,12.463254968628899,12.487302399373837,17655255
2017-06-08,12.442648887634277,12.535402194545451,12.336155298662247,12.531966845638914,15610247
2017-06-09,12.246834754943848,12.535399547906074,12.229658014037751,12.50448252784015,18519111
2017-06-12,12.246834754943848,12.264011495849944,12.08194026937542,12.212482386696704,16405953
2017-06-13,12.39798641204834,12.411727803181908,12.26401007562591,12.270880771192694,17368210
2017-06-14,12.507925987243652,12.64533777647203,12.42891404140247,12.463266431926678,35138352
2017-06-15,12.507925987243652,12.507925987243652,12.507925987243652,12.507925987243652,0
2017-06-16,12.418601989746094,12.470131107417414,12.305237708156142,12.463260409919206,28458807
2017-06-19,12.48387336730957,12.569755978421963,12.336155587994538,12.418602850119825,10294211
2017-06-20,12.209052085876465,12.487312088275512,12.174699700294438,12.435782953119665,19120734
2017-06-21,12.222786903381348,12.31210371779827,12.112856888888725,12.281186701597,12724326
2017-06-22,12.233088493347168,12.336147784200238,12.191865445144705,12.267441961486394,15328640
2017-06-23,12.19187068939209,12.29836537286702,12.16438790305918,12.236529103617977,11222988
2017-06-26,12.53539752960205,12.569751005883047,12.229656044960668,12.298362997522661,16999928
2017-06-27,12.42203140258789,12.580054028839342,12.329278144249766,12.528524935791362,17320624
2017-06-28,12.418601989746094,12.504484594908451,12.277754918163312,12.504484594908451,12994207
2017-06-29,12.542276382446289,12.54227638244629,12.373946466316145,12.504488647524648,13009672
2017-06-30,12.624725341796875,12.700301935240253,12.545713398034902,12.58693760185806,14216317
2017-07-03,12.743282318115234,12.750155819572333,12.640182024298118,12.691732171206676,8302737
2017-07-04,12.691731452941895,12.774212351739546,12.681422315359358,12.715788706680266,4127235
2017-07-05,12.726101875305176,12.79827253904332,12.588634050472509,12.722665123983365,11523289
2017-07-06,12.547390937805176,12.715789496392905,12.506151042854961,12.688295490412969,17977990
2017-07-07,12.427106857299805,12.667674952918613,12.354936205810224,12.667674952918613,27025958
2017-07-10,12.526769638061523,12.578320896001188,12.433979601809371,12.437416352338682,11898709
2017-07-11,12.715791702270508,12.757032718394715,12.48553270430333,12.543956363126073,14048746
2017-07-12,12.853255271911621,12.928862662417098,12.537078709066986,12.784521381817507,37422480
2017-07-13,12.887627601623535,12.956361517465107,12.815456934288889,12.901373493575903,15281564
2017-07-14,12.915115356445312,12.966666608312519,12.7535914426532,12.956356357939077,15371467
2017-07-17,12.791403770446777,12.897941986832393,12.732980090373507,12.867011213488743,13381183
2017-07-18,12.805145263671875,12.832638158556069,12.698607093188672,12.784524756993873,13155149
2017-07-19,12.619556427001953,12.901365416933494,12.612682928318819,12.901365416933494,14027163
2017-07-20,12.633304595947266,12.739842721396665,12.58862796438294,12.619557597306137,16220028
2017-07-21,12.636748313903809,12.6986087278813,12.56114089370466,12.612691053015912,13100595
2017-07-24,12.715791702270508,12.7604694697384,12.616127027323554,12.677988551509866,9780452
2017-07-25,12.746718406677246,12.873877063008257,12.66423750749646,12.767338909977349,18718632
2017-07-26,12.6882963180542,12.805144737071112,12.650493171385627,12.75015672152444,13775637
2017-07-27,12.702040672302246,12.846381954963219,12.633306781226523,12.791395064906546,14378109
2017-07-28,12.750166893005371,12.794844691278879,12.588642810540033,12.63331949479289,12302680
2017-07-31,12.825761795043945,12.867002799199538,12.691730759577396,12.818889408370909,15820815
2017-08-01,13.236613273620605,13.322565467074542,13.030328678011674,13.07158515134645,28473083
2017-08-02,13.374144554138184,13.422277317667477,13.116287836842119,13.191925673512792,23083968
2017-08-03,13.343196868896484,13.432587212138575,13.288186741075048,13.36038641937294,15013552
2017-08-04,13.308821678161621,13.4188408700869,13.260688908582706,13.408526466362506,7430214
2017-08-07,13.518540382385254,13.525416649418117,13.26412296004096,13.319131981835953,15552804
2017-08-08,13.68355941772461,13.779825977383314,13.453207969467773,13.511656200187055,31811750
2017-08-09,13.597620010375977,13.618248817044682,13.48072566818973,13.580430452620268,11740146
2017-08-10,13.425707817077637,13.597611083051495,13.374136948732227,13.597611083051495,11501196
2017-08-11,13.494474411010742,13.556359699145075,13.315693699095643,13.394769654619486,12700023
2017-08-14,13.73857307434082,13.810772740018404,13.51166079461203,13.51166079461203,16585250
2017-08-15,13.797268867492676,13.950070251827835,13.755596274359556,13.877142369563702,15274426
2017-08-16,13.82504653930664,13.911865630994768,13.668772399409583,13.908392822298929,20010252
2017-08-17,13.713910102844238,13.81462037288776,13.634037799008084,13.78683904459477,17032049
2017-08-18,13.84588623046875,13.922286911734702,13.696557677344757,13.713920598676236,10935602
2017-08-21,13.745170593261719,13.918808745413198,13.67918836561399,13.845880901622799,15204576
2017-08-22,14.036884307861328,14.130649015706902,13.828519165977248,13.849356017878003,17253833
2017-08-23,14.189681053161621,14.217463513387676,14.022989668927686,14.130644450888719,11947315
2017-08-24,14.307765007019043,14.359856029272587,14.179273293463133,14.21052745653197,16785281
2017-08-25,14.266083717346191,14.366792890593974,14.172317908177327,14.342484362072543,11163845
2017-08-28,14.141068458557129,14.297342607634992,14.095923068566863,14.283451372035552,14980242
2017-08-29,14.269551277160645,14.269551277160645,13.970894400025992,14.029930988962729,11918253
2017-08-30,14.193157196044922,14.307758745701,14.113283729832421,14.307758745701,11595008
2017-08-31,14.012568473815918,14.234824734526336,13.970894791722392,14.2174607003207,13738927
2017-09-01,14.30612564086914,14.39992517246994,14.111579506924809,14.122000676101866,17304818
2017-09-04,14.233176231384277,14.32002759986991,14.208857532892923,14.208857532892923,6714384
2017-09-05,14.240128517150879,14.486786294248184,14.069899831117059,14.424252480183512,26047216
2017-09-06,14.622269630432129,14.729965596547977,14.34087092908156,14.347820254707395,24403970
2017-09-07,14.622269630432129,14.622269630432129,14.622269630432129,14.622269630432129,0
2017-09-08,14.604905128479004,14.705652936462553,14.525001927552767,14.587534622597907,13413303
2017-09-11,14.851553916931152,14.983567429225799,14.670903017698183,14.681325314899253,16305512
2017-09-12,14.809876441955566,14.952311227152967,14.743868512492515,14.778609527999384,12668073
2017-09-13,14.914093017578125,15.004418506219329,14.702176261310383,14.841138031776882,15291251
2017-09-14,14.87935733795166,15.021794386097975,14.792505918790054,14.827246936905498,11418430
2017-09-15,15.157270431518555,15.219803089841456,14.834183716369733,14.93493146518927,34544376
2017-09-18,15.264970779418945,15.317081155356814,15.11905969976528,15.13643020045339,16519309
2017-09-19,15.209382057189941,15.26496764798916,15.018309967196322,15.258018323013026,15645766
2017-09-20,15.049572944641113,15.2927564809056,14.882818455423978,15.209379236297034,14446089
2017-09-21,15.070426940917969,15.275395518491356,14.959256836696996,15.11906322806836,14253536
2017-09-22,15.12253189086914,15.21980555631649,14.959251457265974,15.094740219402983,10077525
2017-09-25,14.973154067993164,15.143382771617441,14.903673171312665,15.007895079396807,10064948
2017-09-26,15.000943183898926,15.195489421481877,14.959253980478392,15.07737226404339,17545638
2017-09-27,15.01136302947998,15.139902466749556,14.855030794475867,15.09474029655726,21683070
2017-09-28,14.931467056274414,15.046110149913101,14.87935553541422,15.000947957961136,13869109
2017-09-29,15.060001373291016,15.153800952435821,14.983572295122375,15.091267148921629,16981404
2017-10-02,15.086068153381348,15.1659990005308,14.960958364594655,14.995711396623301,7954849
2017-10-03,15.603882789611816,15.603882789611816,15.0374161680434,15.127772938378333,21437662
2017-10-04,15.464866638183594,15.66643079315555,15.444014824267692,15.638628374601012,12656856
2017-10-05,15.711605072021484,15.91317030829009,15.576070565006459,15.617774183482403,24145816
2017-10-06,15.527420997619629,15.635153116792866,15.437064263576296,15.569124625570161,10067838
2017-10-09,15.343236923217773,15.52742575000724,15.294583802234,15.499623322864228,10252063
2017-10-10,15.676861763000488,15.725516011183956,15.464871632607766,15.5170000577164,14556047
2017-10-11,15.638629913330078,15.760264379957993,15.562175507814832,15.701185361232797,21192085
2017-10-12,15.638629913330078,15.63862991333008,15.63862991333008,15.63862991333008,0
2017-10-13,15.510037422180176,15.87841366872483,15.478760841977836,15.770681598616408,14975484
2017-10-16,15.430113792419434,15.631677949709148,15.353658267031449,15.631677949709148,12531093
2017-10-17,15.405795097351074,15.464874138917686,15.311963015735458,15.437071706878482,14158874
2017-10-18,15.43359661102295,15.541329910111141,15.32933974250324,15.430121306971179,14397144
2017-10-19,15.322375297546387,15.405781392952402,15.165989009474567,15.364077781991547,8573467
2017-10-20,15.291107177734375,15.457919473147363,15.291107177734373,15.43359235149902,6787293
2017-10-23,15.148625373840332,15.391893264890463,15.086071030774104,15.3328130991733,11032984
2017-10-24,15.259835243225098,15.391895684364401,15.020043744864164,15.332815509360342,13409564
2017-10-25,15.364073753356934,15.433578626884364,15.075628359240785,15.325846579848776,13335636
2017-10-26,15.27025318145752,15.513519839236366,15.197271832304478,15.457916128302585,12236739
2017-10-27,15.176423072814941,15.447493330393144,15.169473593251137,15.270256254897486,14400883
2017-10-30,14.981809616088867,15.22160214845049,14.835849140132472,15.176423208525268,18275573
2017-10-31,14.613436698913574,15.134724401529256,14.533505835234612,15.134724401529256,28508942
2017-11-01,14.368341445922852,14.785521035628028,14.368341445922852,14.75770868734152,21630896
2017-11-02,14.368341445922852,14.368341445922852,14.368341445922852,14.368341445922852,0
2017-11-03,14.569979667663574,14.6221266971842,14.406584364657911,14.4483017628907,23377302
2017-11-06,14.569979667663574,14.569979667663574,14.569979667663574,14.569979667663574,0
2017-11-07,14.288378715515137,14.59430996713675,14.236231701644526,14.566498752300928,21042359
2017-11-08,14.809860229492188,14.830719497067772,14.340534597473379,14.340534597473379,21689528
2017-11-09,14.410057067871094,14.872430503556021,14.382244725182701,14.84461816086763,21561726
2017-11-10,14.43091869354248,14.535213876968903,14.253618346711654,14.410060558392022,17389453
2017-11-13,14.503925323486328,14.503925323486328,14.503925323486328,14.503925323486328,16525598
2017-11-14,14.22580337524414,14.566500085234368,14.215373746131993,14.503922310561475,22280105
2017-11-15,14.22580337524414,14.225803375244142,14.225803375244142,14.225803375244142,0
2017-11-16,14.583885192871094,14.67079766286097,14.239712983706529,14.239712983706529,14936395
2017-11-17,14.785521507263184,14.848098165985437,14.50740139628197,14.583884229591062,12693565
2017-11-20,14.785521507263184,14.785521507263184,14.785521507263184,14.785521507263184,0
2017-11-21,15.081022262573242,15.227034832729403,14.917626975275047,14.941962779273892,14412099
2017-11-22,14.935005187988281,15.133164722886756,14.83418658589005,15.11925855336726,18450791
2017-11-23,14.889812469482422,14.921101355802572,14.729894875712077,14.921101355802572,4818762
2017-11-24,14.750752449035645,14.910671163682316,14.636028790699433,14.85852414870388,7006358
2017-11-27,14.84113883972168,14.848091924092136,14.583878098768903,14.636026231547334,10545057
2017-11-28,14.865479469299316,15.063639057545064,14.802901689614792,14.94543883864446,12036538
2017-11-29,14.559542655944824,14.987150560474504,14.559542655944824,14.96629130847267,18591850
2017-11-30,14.347478866577148,14.580404975771028,14.295331852518437,14.476109820735374,30698918
2017-12-01,14.338783264160156,14.467459841051028,14.15446178714108,14.286617297617765,11699018
2017-12-04,14.550918579101562,14.756105660795198,14.387464023709581,14.450063376825673,17496862
2017-12-05,14.463981628417969,14.836101250931387,14.397904438700007,14.550925655097737,13293998
2017-12-06,14.6170072555542,14.683084465211214,14.251843135171697,14.380519747275983,13028536
2017-12-07,14.568314552307129,14.613524904648699,14.178805902564013,14.352692827001233,24504070
2017-12-08,14.693510055541992,14.83262001513314,14.676121028761221,14.676121028761221,16975625
2017-12-11,14.731764793395996,14.877831491089065,14.658733135540723,14.797843095191018,11017008
2017-12-12,14.850021362304688,14.912620783323861,14.49181275006888,14.679611013126397,18443993
2017-12-13,14.51962947845459,14.989126678018067,14.47094130586084,14.950871926836138,47602825
2017-12-14,14.290098190307617,14.463986299827509,14.217065364681764,14.463986299827509,47046408
2017-12-15,14.340533256530762,14.487114427738714,14.228852902899414,14.30563357026105,42895040
2017-12-18,14.3370361328125,14.570866952045742,14.3370361328125,14.511536727295423,39527650
2017-12-19,14.256767272949219,14.350997176258181,14.19394582900139,14.309117344932686,20140944
2017-12-20,14.309117317199707,14.406837300538598,14.246297004680024,14.316097477624826,13060997
2017-12-21,14.912893295288086,14.947792968802696,14.326567693439138,14.326567693439138,35246780
2017-12-22,14.843098640441895,14.871019295253058,14.73490723435556,14.787258462126491,8436827
2017-12-25,14.843098640441895,14.843098640441896,14.843098640441896,14.843098640441896,0
2017-12-26,14.902430534362793,15.003641787842131,14.794240247722472,14.846590349925625,7491735
2017-12-27,14.822154998779297,14.97920638609586,14.815174836560189,14.919876138540124,7005508
2017-12-28,14.860538482666016,14.937320234644002,14.836109056524679,14.836109056524679,18065345
2017-12-29,14.860538482666016,14.860538482666017,14.860538482666017,14.860538482666017,0
2018-01-02,15.3196439743042,15.3196439743042,14.942588102735126,14.942588102735126,18865469
2018-01-03,15.424378395080566,15.48023935297821,15.211411888210744,15.326622850464672,25261028
2018-01-04,15.745574951171875,15.815400019388832,15.44881812832355,15.44881812832355,26311149
2018-01-05,15.790966987609863,15.822388789788898,15.571017767473023,15.752563694429844,17807870
2018-01-08,15.738591194152832,15.822381496300796,15.633854165246582,15.73160857466509,14398333
2018-01-09,15.567523956298828,15.710665435384614,15.504681493737419,15.69670132391952,24255264
2018-01-10,15.515154838562012,15.571014677422841,15.417399271776631,15.494206974599736,15410556
2018-01-11,15.839838027954102,15.8398380279541,15.57101057308049,15.605923670481586,17614127
2018-01-12,15.825875282287598,15.857297074898941,15.700190375252458,15.766524139060177,11649902
2018-01-15,15.923638343811035,15.927129655746706,15.853813236803306,15.88174373228866,12365222
2018-01-16,16.070268630981445,16.140093726906347,15.867774834264306,15.8852313911719,14882011
2018-01-17,16.335603713989258,16.39146469590491,15.993460858283209,16.063285953972308,16336613
2018-01-18,16.297176361083984,16.450791571158756,16.227351368477613,16.304158973515,14718689
2018-01-19,16.429866790771484,16.471762524152094,16.279742676235067,16.374006944636054,12557095
2018-01-22,16.838346481323242,16.838346481323242,16.398448020151896,16.429868692118124,20246313
2018-01-23,16.775503158569336,16.9291185942408,16.726624799770395,16.75804660185543,28151367
2018-01-24,17.585466384887695,17.60641424275192,16.897688570356493,16.911653808932645,25047400
2018-01-25,17.585466384887695,17.585466384887695,17.585466384887695,17.585466384887695,0
2018-01-26,18.46875,18.545556526817236,17.80890171941888,17.87523545200074,53745667
2018-01-29,18.04631996154785,18.454797700999293,18.04631996154785,18.37798998864037,37536686
2018-01-30,17.976484298706055,18.060274583972312,17.735587370028654,17.945062517341942,28829468
2018-01-31,18.245328903198242,18.524630511997973,18.1929603466696,18.206925596865467,23769037
2018-02-01,18.337862014770508,18.495013819761866,18.002605660944297,18.103881595636295,29175316
2018-02-02,18.107378005981445,18.14928576983219,17.887365641856107,18.041025178581457,20632269
2018-02-05,17.471771240234375,18.264513267392697,17.471771240234375,17.904810947862966,26256595
2018-02-06,18.10039520263672,18.250561299417964,17.44734158057417,17.454326208149634,100527804
2018-02-07,17.67083740234375,18.19816859554332,17.65686815420048,18.13530811092844,31090653
2018-02-08,17.583532333374023,18.00260415565356,17.461303665058708,17.793067678498826,25519692
2018-02-09,17.628931045532227,17.737191595134195,17.304151660786175,17.531148564892302,29580137
2018-02-14,18.390247344970703,18.442632039703614,17.880377573781335,17.988638144199214,24843291
2018-02-15,18.39374351501465,18.610263555897692,18.372789634017167,18.512479909939756,46063587
2018-02-16,18.540735244750977,18.544382895657442,18.347412111473947,18.49331578296694,61335974
2018-02-19,18.39483070373535,18.646515057235916,18.321878871437285,18.54073436833149,9363395
2018-02-20,18.847135543823242,18.945620948207736,18.31093907032558,18.34741440156021,29321473
2018-02-21,19.095165252685547,19.42344902473898,18.956556916781985,18.956556916781985,32430368
2018-02-22,19.200952529907227,19.40156980278116,19.06234296391084,19.241075511528848,19437861
2018-02-23,19.33226776123047,19.41616256746107,18.920089033435165,19.41616256746107,25192538
2018-02-26,19.310386657714844,19.45629039641989,19.18636883453055,19.405224442588125,19625486
2018-02-27,19.022216796875,19.36144357893923,18.967503219323024,19.226481686816374,13102975
2018-02-28,18.376604080200195,19.058704557706974,18.376604080200195,18.978457373154207,48212095
2018-03-01,18.64842414855957,18.790722563623046,18.385718563471894,18.462340877947238,25169934
2018-03-02,18.746936798095703,18.746936798095703,18.3273378929346,18.542609860480287,17669191
2018-03-05,19.01328468322754,19.064365812225173,18.579092129910876,18.746931645847727,14720729
2018-03-06,18.943967819213867,19.316133190014092,18.943967819213867,19.17383477024358,15367218
2018-03-07,18.918428421020508,18.94032085156549,18.615587862756158,18.900184728899692,16519140
2018-03-08,18.787067413330078,19.217612432266073,18.630174099967213,19.15558390807653,15698791
2018-03-09,19.04612922668457,19.06072417742605,18.721396303626925,18.805316087655363,15455253
2018-03-12,19.26140022277832,19.283292647777653,19.020587095990653,19.097209400753318,11425568
2018-03-13,19.104503631591797,19.305181794538264,18.991393971037542,19.261396951974753,10807290
2018-03-14,18.677614212036133,19.155591823056376,18.626533059626002,19.119105623544925,19133310
2018-03-15,18.765178680419922,18.860044670969337,18.465986941770595,18.60828533622723,22182553
2018-03-16,18.688556671142578,18.9986958097096,18.57544817437808,18.819908855364254,33808833
2018-03-19,18.28719711303711,18.6812547547512,18.22881850978847,18.542605128510157,19347787
2018-03-20,18.3455867767334,18.425856660210346,18.09017862374235,18.37112676411775,10246285
2018-03-21,18.272607803344727,18.39666370409389,18.192336755590006,18.356527588848984,28283588
2018-03-22,18.214223861694336,18.38936085704423,18.046384339711913,18.24341375516423,21239501
2018-03-23,18.301790237426758,18.59368440734402,18.068274664946028,18.097464555031596,26938604
2018-03-26,18.528011322021484,18.604633613104408,18.236117105083643,18.517066294210892,11812884
2018-03-27,18.305435180664062,18.681249023971283,18.17408306796536,18.60827549661263,11396337
2018-03-28,18.47328758239746,18.484233796575353,18.10841850740841,18.10841850740841,13470916
2018-03-29,18.72140121459961,18.92207829173109,18.52072295473275,18.575454034370285,31548158
2018-04-02,18.63197898864746,18.891111596094568,18.49328876390491,18.701324101018734,14533954
2018-04-03,18.45679473876953,18.832720005880095,18.416648057833424,18.759723889484796,15904770
2018-04-04,18.577224731445312,18.65386941935274,18.06990916005584,18.19400010882767,16844254
2018-04-05,18.613719940185547,19.077237830121906,18.580872895740214,19.044390785676573,23487090
2018-04-06,18.70497703552246,18.730525674963577,18.38744867765067,18.628332300280345,12277357
2018-04-09,18.288909912109375,18.75607805753075,18.234163996295145,18.75607805753075,17979180
2018-04-10,18.38014030456543,18.500582650006002,18.208601887681372,18.44583559158725,15008624
2018-04-11,18.683076858520508,18.690376469264603,18.343649691244718,18.361898718104953,11704456
2018-04-12,18.847318649291992,18.869217484911463,18.57358793637401,18.745126449230494,10224361
2018-04-13,18.409353256225586,18.840023356996337,18.343656734304503,18.814475892664195,16709314
2018-04-16,18.139265060424805,18.537087950766175,18.110066615966275,18.372849066849387,21396874
2018-04-17,18.43854331970215,18.544385301802496,18.121013824157885,18.18306051107038,13476865
2018-04-18,18.788923263549805,18.97871080938375,18.624684359715417,18.650231818633607,25815914
2018-04-19,18.613719940185547,18.810806939179184,18.489629002360225,18.723212848857614,14877423
2018-04-20,18.573589324951172,18.63198504122079,18.398400993060886,18.518842231809565,9806454
2018-04-23,18.606420516967773,18.606420516967773,18.303491592463136,18.482329577922652,11508334
2018-04-24,18.51518440246582,18.829064051220804,18.423940469849722,18.759717763291075,13736378
2018-04-25,18.405696868896484,18.51883847225714,18.226858767103096,18.329052137139488,16098343
2018-04-26,18.832714080810547,18.89475957714475,18.522485416058593,18.569931693706884,16463226
2018-04-27,18.796215057373047,19.01519977703969,18.7232201508175,18.949504479447782,15432479
2018-04-30,18.617382049560547,18.880164494227664,18.49329102970955,18.799869956947255,10751886
2018-05-02,17.779502868652344,18.363634766113385,17.70283683669237,18.316174559798107,37979916
2018-05-03,17.42902946472168,17.914589023374376,17.392521876780012,17.797763321846766,25331217
2018-05-04,17.224586486816406,17.498397579574455,17.224586486816406,17.359666594352277,25772237
2018-05-07,17.250141143798828,17.472841128460505,17.158870386675154,17.30490430813027,17740060
2018-05-08,17.304899215698242,17.46918511006084,17.12235775516863,17.268390450220966,17655595
2018-05-09,17.35967445373535,17.505707260444733,17.173481974294784,17.381578546341263,16909345
2018-05-10,17.834280014038086,17.878090562047284,17.418085725096585,17.49110212168274,19715389
2018-05-11,17.549510955810547,17.92554667246885,17.494748966854896,17.786815669285794,13283801
2018-05-14,17.286657333374023,17.757613648020886,17.151575986855786,17.669993730943652,18411023
2018-05-15,17.220935821533203,17.37792119712317,16.830297821423944,16.866805415308555,19242248
2018-05-16,17.520309448242188,17.61888199949092,17.246497068868866,17.27570410136603,14177398
2018-05-17,16.60394287109375,17.469186479597344,16.563783225920343,17.469186479597344,38453906
2018-05-18,16.487119674682617,16.487119674682617,16.034416763401968,16.24981617781091,67811749
2018-05-21,16.260780334472656,16.78284792419862,16.107444547994643,16.7061806226744,29325382
2018-05-22,16.655054092407227,16.892357538167275,16.3264799085197,16.428702093805413,37297736
2018-05-23,16.34109115600586,16.60030000448688,16.315536187443737,16.428711065118165,34838390
2018-05-24,16.556488037109375,16.56744067195407,16.049023056545398,16.18775524781595,27927373
2018-05-25,16.410451889038086,16.684262969982715,16.28997411401664,16.68061209245392,19195002
2018-05-28,15.716790199279785,16.257112820784116,15.651075605699086,16.2425093147821,22406717
2018-05-29,15.662031173706055,16.016161526983264,15.574411304683123,15.873779683606719,34432039
2018-05-30,15.69124984741211,15.844584436249471,15.50505733949697,15.662042808231861,41881288
2018-06-01,16.00349998474121,16.124018683431697,15.590812555456194,15.890284409261454,26340210
2018-06-04,16.350433349609375,16.43077827850305,16.178784674606714,16.182436824451074,26154795
2018-06-05,15.842801094055176,16.41618067545969,15.777063541404319,16.21531468163792,32517553
2018-06-06,15.441075325012207,15.806284727621374,15.280382951095733,15.707678958414336,25763400
2018-06-07,14.991860389709473,15.229247886064279,14.407525579733756,15.17811776150219,45800335
2018-06-08,15.028379440307617,15.210984630370799,14.579171951301062,14.991857928758366,34032997
2018-06-11,14.59378719329834,15.291338966994255,14.553614692906136,15.086821944236668,24579358
2018-06-12,14.5645751953125,14.816569094639256,14.484228988382121,14.590139090352277,15770680
2018-06-13,14.422140121459961,14.707004547385457,14.21031995051844,14.64491912075737,24389864
2018-06-14,13.91084098815918,14.601088245853122,13.91084098815918,14.517089933642795,31758386
2018-06-15,14.04597282409668,14.115362550921708,13.713631618901395,13.951019208762773,46156720
2018-06-18,13.761107444763184,13.991189508187286,13.655196202675766,13.95466916584674,22857085
2018-06-19,14.38197135925293,14.593792769165805,13.607726442068163,13.699029120915517,48287043
2018-06-20,14.648569107055664,14.816564594299544,14.261446806491314,14.608395423871459,33294904
2018-06-21,14.257795333862305,14.6595262656644,14.133623309209547,14.604745151641179,17269809
2018-06-22,14.367361068725586,14.473272353274261,14.170148299800545,14.43675199629221,13811496
2018-06-25,14.396575927734375,14.568224773623943,14.151885196081077,14.498835041340515,24706991
2018-06-26,14.349096298217773,14.637611631128937,14.177447486039464,14.425790322399353,22118652
2018-06-27,14.089801788330078,14.517097887499986,14.005803430097401,14.294318860985632,19643330
2018-06-28,14.480566024780273,14.608388956089208,14.093443895612072,14.093443895612072,19751079
2018-06-29,14.732559204101562,14.871338573447725,14.579171230857595,14.648560915530677,28425157
2018-07-02,14.74170970916748,14.74170970916748,14.507888387790146,14.577303963043068,12965655
2018-07-03,15.088777542114258,15.253181981621678,14.78553968684093,14.89149031985365,16566556
2018-07-04,15.333563804626465,15.33721731694167,15.055901605801907,15.161851094377338,13271395
2018-07-05,15.234918594360352,15.417590624342976,14.979176331245618,15.38105669205947,16605134
2018-07-06,15.37375259399414,15.443168144395171,15.169158270860056,15.271455432427098,12935744
2018-07-10,15.413930892944336,15.629485625139534,15.154536407124938,15.4650800354974,25709866
2018-07-11,15.476048469543457,15.571039790065269,15.256841282726032,15.256841282726032,26562335
2018-07-12,15.768321990966797,15.804855920897982,15.523540278582722,15.54911485853228,23021596
2018-07-13,16.170198440551758,16.173851951095262,15.684288643958702,15.684288643958702,22360491
2018-07-16,16.111745834350586,16.243269864766315,15.969261270686486,16.14462624981334,16164964
2018-07-17,16.414981842041016,16.491704387342104,15.976566451547434,16.002141028075233,18700958
2018-07-18,16.206735610961914,16.44055677977804,16.188469238864386,16.356528388995102,16660878
2018-07-19,16.4405517578125,16.4405517578125,15.881574177591808,16.03136572558693,17703351
2018-07-20,16.908191680908203,17.006834066501447,16.76205367294313,16.90088466208177,28881982
2018-07-23,16.583044052124023,16.886280778638856,16.531896073864033,16.857052685757413,13753203
2018-07-24,16.57209014892578,16.798604406553284,16.48440701947594,16.76207046011427,19517567
2018-07-25,17.094524383544922,17.200475017338878,16.72552569717364,16.736486230078086,20243764
2018-07-26,16.824161529541016,17.09817117260308,16.699943398344775,16.959339004291778,23964139
2018-07-27,16.915502548217773,17.057988273444344,16.747444618053972,16.919156058717995,21688339
2018-07-30,17.16029930114746,17.280862876874437,16.963011942688425,17.014161131176465,17641659
2018-07-31,16.4405517578125,16.831471423520224,16.404017840494745,16.72917550760486,40266083
2018-08-01,16.647050857543945,16.694561168918213,16.40949693131736,16.438733590363977,21425086
2018-08-02,16.70553207397461,16.804208651522682,16.37661093859977,16.519144299359475,21424406
2018-08-03,17.103883743286133,17.151394047718636,16.82978255245337,16.82978255245337,20476085
2018-08-06,16.979629516601562,17.235457139232107,16.88460769280418,17.1733267106137,14914812
2018-08-07,16.877288818359375,17.122152111147102,16.636080254628652,17.085604820577068,23634776
2018-08-08,16.48259162902832,17.06734025593443,16.47162743678488,16.87729662640357,24458694
2018-08-09,16.394872665405273,16.68359272403849,16.270613054758364,16.628771784924897,17557024
2018-08-10,15.799163818359375,16.146357232002586,15.63470334385775,16.142703686816535,25223809
2018-08-13,15.923422813415527,16.08422856359839,15.514098977979378,15.678559458151737,28346130
2018-08-14,16.25234603881836,16.274274421811448,15.989208996934188,16.17559788302018,17940431
2018-08-15,16.1427001953125,16.20848294927209,15.897835716776102,15.981893300777843,26565394
2018-08-16,16.120769500732422,16.263301544711354,16.033057200281462,16.193862886995387,16968827
2018-08-17,15.707794189453125,16.033060355437303,15.693175272388267,15.897836557264592,23012929
2018-08-20,15.819080352783203,15.90834873142451,15.599629575040908,15.629384897458673,29124501
2018-08-21,15.614513397216797,15.822806772838629,15.473172238848464,15.703781814526934,25410244
2018-08-22,15.98646354675293,16.01249931151921,15.43597483403646,15.551280211810768,14992649
2018-08-23,15.365303039550781,16.079448979474996,15.365303039550783,15.97902188641063,23189167
2018-08-24,15.48060131072998,15.688893345254302,15.320662418206062,15.65913802929011,11644974
2018-08-27,15.993897438049316,16.02737232625919,15.56987294373691,15.659141321786574,18281691
2018-08-28,15.882319450378418,16.01994104806429,15.744697852692546,15.900917289442614,15209675
2018-08-29,16.146400451660156,16.191034046737496,15.900912664499176,15.915790931423036,11660099
2018-08-30,15.510355949401855,16.068282222898663,15.499197255134815,16.016208316319144,21014487
2018-08-31,15.722373962402344,15.856277142752502,15.502923169023216,15.502923169023216,20846067
2018-09-03,15.504707336425781,15.638656859383477,15.504707336425783,15.56796121081568,7336061
2018-09-04,15.370757102966309,15.582844038866137,15.24424815391206,15.474939524396657,19958758
2018-09-05,15.460053443908691,15.571678827007542,15.18471147552992,15.255408315369777,13287540
2018-09-06,15.850743293762207,15.97725224458322,15.389360546349558,15.57912336951998,22281974
2018-09-10,15.995845794677734,16.05537873954763,15.813524869509717,16.033053432925904,16120437
2018-09-11,15.445178985595703,15.698195784988574,15.355878867802767,15.694474896492089,24332251
2018-09-12,15.489825248718262,15.687029870783945,15.381920719085873,15.582846228591375,22141765
2018-09-13,15.404247283935547,15.623776042192265,15.333551623009567,15.57912659544202,20057329
2018-09-14,15.675862312316895,15.768883263136148,15.374474142193236,15.378195028470886,21237971
2018-09-17,16.047950744628906,16.066555182781865,15.560521701755802,15.560521701755802,17493123
2018-09-18,16.033061981201172,16.200499457893258,15.913996027979522,15.96236634532794,25197466
2018-09-19,16.14470100402832,16.286092395198427,15.78377954085285,15.820988436488687,20664560
2018-09-20,16.04051399230957,16.408877158598138,16.021909548330797,16.24143957503475,14726167
2018-09-21,16.31212615966797,16.501887764063632,16.111200688987722,16.222826084490315,28743983
2018-09-24,15.906549453735352,16.371652879211798,15.85817915098754,16.31956169116634,12200710
2018-09-25,15.943769454956055,16.04051012809494,15.60145259270309,15.731681256936394,23247800
2018-09-26,16.1186466217041,16.31957214423141,15.992138852796112,16.073997175654938,20750555
2018-09-27,16.561426162719727,16.561426162719727,16.17818076363652,16.222830209517436,24503560
2018-09-28,16.420032501220703,16.464683150134185,16.185620212791935,16.286082966724933,16223087
2018-10-01,16.235788345336914,16.56705507620647,16.094348970020043,16.470280322267215,14104830
2018-10-02,16.86109733581543,16.965316376184642,16.615438944858667,16.63032755155886,35923351
2018-10-03,17.624126434326172,18.16382994669286,17.45290988137518,17.78789868440694,62555535
2018-10-04,17.642744064331055,17.68740869241968,17.17748098635663,17.493859155459717,30873117
2018-10-05,17.58319091796875,17.918179876260652,17.464084429906038,17.862348785389543,25641886
2018-10-08,18.62909698486328,19.392126133369764,18.420658871223218,18.945475101053628,74232290
2018-10-09,18.532325744628906,18.75192915014142,18.37599773303931,18.722151926397665,26109758
2018-10-10,17.892127990722656,18.31272654660879,17.892127990722656,18.275505008377152,23876275
2018-10-11,17.67995834350586,18.10799974632152,17.53107469205662,18.03728007220974,38571172
2018-10-15,17.88467025756836,18.04099697064665,17.81394939278733,17.940501312705738,30577234
2018-10-16,18.599319458007812,18.599319458007812,17.970285388331874,18.022394312610697,26245548
2018-10-17,18.405765533447266,18.61792453831065,18.2792148020969,18.424376289978795,27909358
2018-10-18,17.85862922668457,18.290393023335838,17.85862922668457,18.290393023335838,16734636
2018-10-19,17.840003967285156,18.11543949783236,17.76928431094251,17.996331882680867,11907886
2018-10-22,18.10055923461914,18.234554307684974,18.037283850478744,18.04100479633888,9730657
2018-10-23,18.163835525512695,18.189890593561,17.754404774558676,17.754404774558676,15978529
2018-10-24,17.691129684448242,18.201057357050857,17.605521380240997,18.163835830642288,15444546
2018-10-25,17.895843505859375,18.182445624325823,17.68740658868301,17.81023520621692,26278008
2018-10-26,18.230825424194336,18.230825424194336,17.78417336422483,18.059608901750348,39293629
2018-10-29,17.895843505859375,18.357384376053123,17.67996228379824,18.212221637332508,43873102
2018-10-30,18.420658111572266,18.536043620421662,17.389637662275035,17.58690810445976,48975171
2018-10-31,18.33133316040039,18.710987963160175,17.94795741094884,18.610491032633607,27467488
2018-11-01,18.593820571899414,18.631053442834823,18.180541739017336,18.429998353583997,25710036
2018-11-05,18.794872283935547,18.813488717253545,18.52680047175663,18.616158144782954,29338638
2018-11-06,18.91401481628418,18.91401481628418,18.504459348839447,18.515629207983388,27441316
2018-11-07,18.932626724243164,19.111340807142653,18.619874363644787,18.97358165775148,26374030
2018-11-08,18.672000885009766,19.167190627908766,18.653384457028665,18.988475333089625,23944935
2018-11-09,18.906574249267578,18.992208656339937,18.47095684567806,18.616162646874567,26534803
2018-11-12,18.958696365356445,19.06294598184946,18.76508786575497,18.861892115555708,14860088
2018-11-13,18.887956619262695,19.11879801986148,18.698072586183418,18.9586990785141,21769235
2018-11-14,19.051776885986328,19.118796051007074,18.731579036265558,18.873062733298102,30922232
2018-11-16,19.64004135131836,19.695890637235394,19.111342019368905,19.174637876741546,32743586
2018-11-19,19.628877639770508,19.721958605208684,19.47994857782948,19.561859682587055,22212804
2018-11-21,19.373836517333984,19.6865877856523,19.295648700254404,19.541382012061668,18112477
2018-11-22,19.32915687561035,19.569305858105412,19.23979919888429,19.546966137198872,7492302
2018-11-23,19.306814193725586,19.390586318690566,19.14485306246684,19.329152702909674,13481340
2018-11-26,18.988479614257812,19.59164356853764,18.832103997759337,19.407343907221573,24417622
2018-11-27,19.6307430267334,19.675421269702234,18.99965484908397,19.128106457107314,19697544
2018-11-28,20.12220573425293,20.155714108094102,19.446439447955,19.60281387071394,21896131
2018-11-29,20.300920486450195,20.373522765567653,19.831793611291083,19.89322603049046,16461470
2018-11-30,20.116622924804688,20.568995688119966,20.116622924804688,20.138962648324025,24726931
2018-12-03,19.862398147583008,20.56079478164108,19.705957417464646,20.56079478164108,27033719
2018-12-04,19.840055465698242,20.125000120052388,19.527172717135247,19.91827464358545,26509707
2018-12-05,19.851224899291992,20.01884015041833,19.74506885530592,19.890335084308052,15862453
2018-12-06,20.030010223388672,20.030010223388672,19.443357578133657,19.56068810718466,21087849
2018-12-07,19.86798858642578,20.309376396145762,19.778594901376632,19.90709877641082,19238340
2018-12-10,19.337203979492188,19.96855477758432,19.292507144161203,19.806527391181618,17070004
2018-12-11,19.510408401489258,19.644500123939785,19.19193905141595,19.610976589625835,22381961
2018-12-12,19.644498825073242,19.767417235361236,19.404251070950668,19.61097529297582,36444757
2018-12-13,19.990903854370117,19.990903854370117,19.515993789723726,19.63332434112071,18595362
2018-12-14,19.84563446044922,19.97413950203772,19.672432590544116,19.82887209335342,13770368
2018-12-17,19.314865112304688,19.856821283370067,19.309278458076495,19.83447225165107,16461810
2018-12-18,19.6281681060791,19.790245178097834,19.326367421178887,19.4046117747961,16439490
2018-12-19,19.365497589111328,19.980275942167122,19.365497589111328,19.756720726407426,16972226
2018-12-20,19.359905242919922,19.684060661867473,19.326371423950288,19.54992780153506,30856688
2018-12-21,19.270488739013672,19.577877944969334,19.12517668747385,19.50522191919942,31905846
2018-12-26,18.851320266723633,19.09723258408983,18.58864284740977,19.0525208144693,21713151
2018-12-27,19.169883728027344,19.259306042375325,18.81219447063543,18.81219447063543,15463863
2018-12-28,19.84055519104004,19.918799583694714,19.248132670784123,19.35432252462125,15502839
2019-01-02,20.687631607055664,20.76590908503022,19.765076479701303,19.815396679869995,28984066
2019-01-03,21.02869415283203,21.02869415283203,20.380109133336514,20.54784551342453,24856433
2019-01-04,20.676433563232422,21.08459402581395,20.547833571659023,20.810623072629582,28181675
2019-01-07,20.715585708618164,20.967191504020292,20.547846900638174,20.575804174157458,19148946
2019-01-08,20.97836685180664,21.0063216973937,20.441606267672725,20.788262785607014,22157287
2019-01-09,21.29706573486328,21.29706573486328,21.011913265404655,21.190833456984645,23008397
2019-01-10,21.151697158813477,21.46480692573379,21.045462452222466,21.202017335682623,28032459
2019-01-11,21.023101806640625,21.20761399606266,20.855365429812306,21.023101806640625,15442903
2019-01-14,21.179655075073242,21.179655075073242,20.939233195338343,21.006326774216006,19711367
2019-01-15,20.849769592285156,21.101375318748048,20.620529195196085,21.067828532970914,46588733
2019-01-16,20.788272857666016,20.905689065781115,20.51989364385095,20.883323728535185,19605771
2019-01-17,20.788272857666016,20.883323728535185,20.54225898109688,20.709995385589284,29196956
2019-01-18,21.056644439697266,21.123740427116743,20.799449196007195,20.799449196007195,24162697
2019-01-21,20.8833065032959,21.039861318317794,20.71557023715789,20.967175844647926,8808508
2019-01-22,20.849769592285156,21.01191641781996,20.670849373861788,20.88331637806229,13807871
2019-01-23,20.98954200744629,21.073411352170748,20.665250913246478,20.939221850551302,30874136
2019-01-24,20.961591720581055,21.0957812668004,20.821810238437212,20.883314283905857,24113752
2019-01-28,21.33620834350586,21.442443057331165,20.7267621604533,20.7267621604533,25555494
2019-01-29,21.179655075073242,21.55426894569838,21.179655075073242,21.470401972101303,17930858
2019-01-30,21.313844680786133,21.47599152425838,20.911275957224902,21.369759218689808,21965357
2019-01-31,21.68287467956543,22.023939433530018,21.45363178083411,21.50395439474239,30523926
2019-02-01,21.708040237426758,21.870249832098335,21.445148908734986,21.590578617320308,15342292
2019-02-04,22.200254440307617,22.2561881839784,21.478705037201166,21.629726386862473,20038804
2019-02-05,21.25497055053711,21.70244297857412,21.042421328532203,21.56820149191325,80658836
2019-02-06,20.360023498535156,21.193442929482238,20.360023498535156,21.143103277999945,44387767
2019-02-07,20.432735443115234,20.74037222559643,20.169844202675506,20.59494256583154,34838503
2019-02-08,20.869014739990234,21.00325858743831,20.332049020203137,20.404762624444867,34947045
2019-02-11,20.634105682373047,20.924965132380354,20.47189848689172,20.869028949107676,20785904
2019-02-12,21.12632179260254,21.249377502092774,20.818684936379395,20.94174064586963,25112491
2019-02-13,20.645282745361328,21.23818469408229,20.61172057000805,21.210216617538162,35669785
2019-02-14,21.19343376159668,21.19343376159668,20.376796985241274,20.807489348011103,37265389
2019-02-15,20.975303649902344,21.15988724260656,20.801908260242346,21.08157949130831,30422409
2019-02-18,20.639699935913086,20.975304950501275,20.639699935913086,20.891403092478484,19942839
2019-02-19,21.115140914916992,21.254976541373715,20.801909885254894,20.863437754296093,25550736
2019-02-20,20.846651077270508,21.46751883245181,20.846651077270508,21.27174950266471,32575109
2019-02-21,21.226999282836914,21.226999282836914,20.841054764376995,21.05919805405059,28676909
2019-02-22,21.526535034179688,21.526535034179688,21.274042284488868,21.450200577526466,19781160
2019-02-25,21.19769287109375,21.655704391032092,21.185948823282395,21.579367445787867,14109588
2019-02-26,21.274038314819336,21.385604916838773,21.191829942396033,21.25055020841268,9124162
2019-02-27,21.086139678955078,21.356247873973743,21.086139678955078,21.268169362999725,11480349
2019-02-28,20.686845779418945,21.150728958081874,20.65161488447384,21.097882615664215,20408162
2019-03-01,20.466550827026367,20.907134685968064,20.466550827026367,20.848389409753345,18300555
2019-03-06,20.472427368164062,20.689781731092054,20.366687133338118,20.642785506955185,10921100
2019-03-07,20.754398345947266,20.877762791903056,20.366685868309986,20.443054093047966,21485645
2019-03-08,21.001123428344727,21.08336553604699,20.472423620480832,20.631033943684535,15369145
2019-03-11,21.688430786132812,21.74717477855667,21.04811568299368,21.05986473537477,22654901
2019-03-12,21.735431671142578,21.735431671142578,21.4945804605722,21.68843798498324,14852836
2019-03-13,21.97041130065918,22.12902039427427,21.559200658720652,21.629692460787712,25155772
2019-03-14,21.62381935119629,21.970410807483855,21.406463708785417,21.970410807483855,20177710
2019-03-15,21.617950439453125,21.835303605752095,21.429968018861242,21.576829364291303,21647098
2019-03-18,21.6531925201416,21.770683099084312,21.582700711740404,21.6531925201416,12806412
2019-03-19,21.147985458374023,21.735428017822283,21.147985458374023,21.735428017822283,39681965
2019-03-20,20.672157287597656,21.27722410851052,20.672157287597656,21.18323293651248,29664772
2019-03-21,20.307945251464844,20.801398039736956,20.03184684890528,20.742654022889937,35755214
2019-03-22,19.708751678466797,20.043594088719157,19.59713754171601,20.00247302415402,34705489
2019-03-25,19.738107681274414,20.043577836213185,19.561874508969407,19.67348855521699,22557916
2019-03-26,19.9437255859375,20.03771675588054,19.679375023759615,19.973097588516847,18209236
2019-03-27,19.268165588378906,19.761618275144603,19.262290426213475,19.63825383397129,32088032
2019-03-28,20.031843185424805,20.172829307866564,19.180048749510885,19.32691003425217,35287058
2019-03-29,20.225704193115234,20.296197270967937,19.926107660129585,20.278574318875314,22320553
2019-04-01,20.075838088989258,20.45196669085745,19.981805938522207,20.393195803043422,19521136
2019-04-02,19.758480072021484,20.175747653944747,19.705586908817452,20.12873094441433,18533727
2019-04-03,19.58217430114746,20.093472875635715,19.49401858621356,20.00531843073747,22057470
2019-04-04,19.87601089477539,20.034690317238553,19.541022696288486,19.79961067917207,20454728
2019-04-05,20.305036544799805,20.375560323360137,19.864260706236323,19.98180118386027,18345649
2019-04-08,20.18161964416504,20.375560352996814,20.06995688877917,20.33442137627386,10412949
2019-04-09,20.06995964050293,20.111097352831045,19.75260068795519,20.099344446471736,15165318
2019-04-10,20.03469467163086,20.240389558399645,19.87013876221583,20.216882478508293,29815914
2019-04-11,19.570415496826172,20.005313703646888,19.458752718325794,19.87601902430461,13699556
2019-04-12,19.364713668823242,19.876011940263254,19.188403613490678,19.394098466372853,33375347
2019-04-15,19.35296058654785,19.588040250228953,19.182528243140418,19.535147103644587,18725884
2019-04-16,19.33534049987793,19.664452462422975,19.22955414904969,19.22955414904969,19252729
2019-04-17,19.035602569580078,19.511640910409575,18.806400617375548,19.39410043822556,40764433
2019-04-18,19.294198989868164,19.511648118213774,18.876931366005223,19.112011127179112,19844834
2019-04-22,19.241294860839844,19.48225093902106,19.035598758194375,19.25892548362511,11401605
2019-04-23,19.48813819885254,19.658571869315047,19.39410604791381,19.39410604791381,15183786
2019-04-24,19.51752281188965,19.535153443127545,19.206041553164713,19.49989218065175,16595051
2019-04-25,19.817249298095703,19.864264736663582,19.182533892234893,19.405859447994185,22194223
2019-04-26,19.864269256591797,19.934794335543963,19.635067195121994,19.870146981522296,11411236
2019-04-29,19.705577850341797,20.04644375760285,19.623299916521365,19.9524116518031,12525541
2019-04-30,19.88189697265625,19.999436206075575,19.64681596574686,19.799619001248576,15296746
2019-05-02,20.014190673828125,20.120022668770357,19.749607509975274,19.796645081593073,16575223
2019-05-03,19.820161819458008,20.155298764911283,19.77900458384451,20.10826246875248,35157216
2019-05-06,19.385068893432617,19.690807966785133,19.361550112221295,19.602613172542014,16586780
2019-05-07,19.167522430419922,19.238077500093375,18.78534797164,19.226318110048034,32977891
2019-05-08,19.385068893432617,19.626131953753333,19.249837807365516,19.249837807365516,20450083
2019-05-09,19.144006729125977,19.32627412764507,18.95585899933922,19.14988706039364,24543499
2019-05-10,19.05580711364746,19.285112006727683,18.83238127935974,19.102843395782646,16418076
2019-05-13,18.755945205688477,18.84413997854006,18.614835093843972,18.650113257104273,21598945
2019-05-14,18.66775894165039,18.920582699882935,18.59720385837119,18.85590667746082,15113880
2019-05-15,18.72655487060547,18.72655487060547,18.309102184207468,18.526646482906433,23968388
2019-05-16,18.48548698425293,18.620716786047808,18.32085807361722,18.52076388190428,20413714
2019-05-17,18.520761489868164,18.81474237551934,18.291456602355986,18.444327374429683,26983074
2019-05-20,19.002899169921875,19.038176079964536,18.456095628869836,18.63836305235419,27380871
2019-05-21,19.737850189208984,19.74960958334797,19.02641764389218,19.049936432170156,26574515
2019-05-22,19.755475997924805,19.873067315273143,19.385061061200865,19.814271656598972,14927841
2019-05-23,19.71431541442871,19.826027655062212,19.479131549316403,19.632000998109504,17894262
2019-05-24,19.42034149169922,19.902470046713084,19.40858210369908,19.873070941413545,13072667
2019-05-27,19.49089813232422,19.74372181836786,19.42034306919065,19.596731362323812,12018297
2019-05-28,20.037708282470703,20.037708282470703,19.47326507981021,19.567338946920295,36895918
2019-05-29,20.41400146484375,20.51395565838796,19.902476187889114,19.902476187889114,31874349
2019-05-30,20.62566375732422,20.70797821130197,20.390478514017627,20.466913908682045,18068630
2019-05-31,20.578632354736328,20.813817668378206,20.43164312195877,20.51395760055376,20639521
2019-06-03,20.634498596191406,20.77566916909713,20.428624314394405,20.705083882644267,21458113
2019-06-04,20.59921646118164,20.763915975718575,20.44628137927498,20.705095083710656,18756361
2019-06-05,20.19923973083496,20.68157402385257,20.15806483666097,20.640399129678578,13815348
2019-06-06,20.41098403930664,20.5227454915899,20.22275569678485,20.405102459727985,12972736
2019-06-07,20.62862777709961,20.752153689354877,20.393342928002465,20.45804667462582,15132234
2019-06-10,20.36981964111328,20.510990326200492,20.06394812856597,20.49922589058593,20715092
2019-06-11,20.469812393188477,20.575691026831244,20.140413329538607,20.49922284227956,33011654
2019-06-12,20.352161407470703,20.65803275553158,20.2756945238128,20.469804429208438,19982721
2019-06-13,19.98747444152832,20.340402328431015,19.828657782222507,20.322756315428904,41781867
2019-06-14,19.993356704711914,20.040413161713392,19.693368136790255,19.940417396120637,21272188
2019-06-17,19.969818115234375,20.187456824054724,19.887468402228986,19.940407685038558,17717967
2019-06-18,20.487464904785156,20.487464904785156,20.105126403078177,20.205122215924252,25822203
2019-06-19,20.81096649169922,20.875668942020145,20.275693255017423,20.375688990994043,26374993
2019-06-21,21.281543731689453,21.281543731689453,20.88155937145369,20.928615831598822,31106515
2019-06-24,21.2344913482666,21.469777507594287,21.052144511230463,21.316841122688178,25737001
2019-06-25,20.96978759765625,21.310952285417695,20.8697918402289,21.175663234763658,26954749
2019-06-26,21.469772338867188,21.469772338867188,21.016847417443937,21.087432739791737,37241370
2019-06-27,21.322717666625977,21.42859755733598,20.999201498490777,21.293307221444906,23374129
2019-06-28,21.3286075592041,21.522718861104686,21.25802220903294,21.440369074047677,19957908
2019-07-01,21.231504440307617,21.63753959347238,21.14912060676718,21.63753959347238,18040532
2019-07-02,21.15500259399414,21.372732729393594,21.01377354193597,21.213847820406826,21334503
2019-07-03,21.51984977722168,21.566924438277034,20.96669898393572,21.007892173615502,19999036
2019-07-04,21.766990661621094,22.067101970649045,21.60222306999687,21.637529684391282,26215807
2019-07-05,22.008272171020508,22.03769606583731,21.578699584068097,21.678736757102,16253791
2019-07-08,21.94941520690918,22.06710563666767,21.808186182531365,22.04945232653771,11237547
2019-07-10,21.89056968688965,22.196566325999214,21.743455380073136,22.08475863895047,25793198
2019-07-11,21.861162185668945,21.861162185668945,21.52574141657747,21.755239703674796,17322437
2019-07-12,21.455116271972656,22.043571071674425,21.455116271972656,22.03768832944783,21213498
2019-07-15,21.396268844604492,21.596345666968677,21.25504106382412,21.584575095650315,18855725
2019-07-16,21.478660583496094,21.5669271737572,21.308006331756147,21.41981279886963,20218045
2019-07-17,21.41981315612793,21.72581248526781,21.408045125009934,21.531620896775884,26198019
2019-07-18,21.990612030029297,21.990612030029297,21.45511714852099,21.460999890987928,18365476
2019-07-19,21.41981315612793,21.93765484876705,21.41981315612793,21.81996436422977,19425851
2019-07-22,21.784652709960938,21.91999648167167,21.549269251762002,21.59046116619641,21145292
2019-07-23,21.996501922607422,22.096539085561023,21.614004045229194,21.920000821128223,23938590
2019-07-24,21.978845596313477,22.214229096128932,21.84938708758722,22.067114726661675,16643203
2019-07-25,21.302127838134766,22.155390416325762,21.172666747741108,22.155390416325762,25357333
2019-07-26,21.684614181518555,21.819960503796075,21.190312453577334,21.466886569311477,26994858
2019-07-29,21.77288818359375,21.93177314291241,21.44923806412813,21.631659086796745,22919117
2019-07-30,21.049074172973633,21.65518335642139,20.984343683268186,21.65518335642139,50086077
2019-07-31,20.490053176879883,21.054970800203428,20.419437361253497,21.031432194994633,40269086
2019-08-01,20.53420066833496,21.264201553184176,20.53420066833496,20.728475897633192,37163986
2019-08-02,20.563636779785156,20.722588899471674,20.35758844253455,20.60484644723528,31506464
2019-08-05,20.28105354309082,20.440005646203776,20.039683385888598,20.133877083412873,24126781
2019-08-06,20.893320083618164,20.893320083618164,20.487111115491466,20.569530473919237,20106444
2019-08-07,21.664525985717773,21.664525985717773,20.581300195318892,20.646057339283335,36330551
2019-08-08,21.782264709472656,21.988313035643817,21.587992027331136,21.782264709472656,34212974
2019-08-09,21.61741828918457,21.78225689095437,21.399596941603267,21.77637161548676,13465478
2019-08-12,20.722593307495117,21.217109422087976,20.716706756128982,21.193561944405733,22939624
2019-08-13,21.12880516052246,21.26420857464486,20.675498686912505,20.71082054229011,15448455
2019-08-14,20.663721084594727,20.940415710713104,20.616624857806016,20.840335433651042,23531503
2019-08-15,20.604848861694336,20.887430016843844,20.49299421868232,20.887430016843844,21625004
2019-08-16,20.68729019165039,20.994437727067112,20.55479581435206,20.958303488475806,16250619
2019-08-19,20.596956253051758,21.000463985151235,20.422303069839305,20.867968287337888,25638203
2019-08-20,20.368091583251953,20.74750878755526,20.205484953680674,20.699329382880226,19603279
2019-08-21,20.52469253540039,20.681277341562232,20.331972173287955,20.5909391024251,22148790
2019-08-22,20.199472427368164,20.675251296304133,20.17538206151556,20.56684595144585,15354416
2019-08-23,19.964595794677734,20.41628432447328,19.83210137760976,19.92846154524034,29781924
2019-08-26,19.958560943603516,20.1332127396957,19.687549042210314,20.121168865326037,20180429
2019-08-27,20.19345474243164,20.434354547292205,19.922441323169632,19.9645988215572,32389410
2019-08-28,20.42230796813965,20.530713328446502,19.97062070216592,20.006756256094413,16420455
2019-08-29,20.53071403503418,20.75956994816705,20.199476001131583,20.50662366491942,19169793
2019-08-30,20.44037437438965,20.813769855475915,20.344014208255178,20.795701429559237,28678156
2019-09-02,20.18430519104004,20.600041935313094,20.18430519104004,20.425312791868915,9478791
2019-09-03,19.79869842529297,20.371089286898478,19.744471771850375,20.19033420944125,21658767
2019-09-04,19.93727684020996,20.069829865784445,19.768572279267403,20.051754749127518,17459076
2019-09-05,20.503637313842773,20.883223795336487,20.118027530847698,20.13610264356752,47627014
2019-09-06,21.190509796142578,21.22666002597387,20.636194119557842,20.636194119557842,24245520
2019-09-09,21.70866584777832,21.871344425480217,21.30497975146377,21.311004353504963,39482670
2019-09-10,21.28689956665039,21.865314644238556,21.142296122766695,21.756862712352472,25237235
2019-09-11,21.190509796142578,21.497793259979055,21.082056502540503,21.39536587271826,18544604
2019-09-12,21.323057174682617,21.44958554976731,21.178453689458326,21.38933431459948,15460578
2019-09-13,21.61227035522461,21.93762892189346,21.39536507813006,21.39536507813006,28419039
2019-09-16,21.226655960083008,21.4616376171929,21.033850431067005,21.40741098077878,22842752
2019-09-17,21.30498695373535,21.359213598652143,21.00975401078596,21.027829125073545,13879363
2019-09-18,21.238706588745117,21.47368824718645,20.985649818747945,21.31100833702233,15087367
2019-09-19,20.88322639465332,21.588170201063228,20.798874122056336,21.413441051564092,20381537
2019-09-20,20.937456130981445,21.1483355415355,20.85912845113222,21.01578250877638,37275926
2019-09-23,20.871171951293945,20.919372682815283,20.60606467279196,20.907322174421484,14969309
2019-09-24,20.654264450073242,21.021800381915185,20.551837086538953,20.979624255512384,11893780
2019-09-25,20.895261764526367,21.03986649467518,20.515676789235542,20.600029005966835,16169836
2019-09-26,21.49778938293457,21.50983989138977,20.847071040730803,21.01577555499588,21152430
2019-09-27,21.40740966796875,21.47368680863865,21.070000663909283,21.443561190712447,18327294
2019-09-30,21.10615348815918,21.564064992160457,21.10615348815918,21.419461496376247,18111458
2019-10-01,20.6269474029541,21.28397301935639,20.61489303431115,21.229723150016323,19370107
2019-10-02,20.060344696044922,20.45817673068236,19.963900605908936,20.403926848567618,26887449
2019-10-03,20.066375732421875,20.2532354480685,19.801153473911043,20.036235892054975,24835586
2019-10-04,20.162809371948242,20.192946591452042,19.752921823868096,20.030198311507167,28530639
2019-10-07,19.789093017578125,20.277340565905305,19.758953186476443,20.06636956386415,17645455
2019-10-08,19.704700469970703,20.05430836896924,19.626339270298377,19.96389280252717,16865951
2019-10-09,20.01814079284668,20.156779023858704,19.66853162390579,19.885531047267694,14097805
2019-10-10,20.162809371948242,20.229113599557287,19.897587251066096,19.951837111918216,12342562
2019-10-11,20.422006607055664,20.66311614447402,20.247201313164386,20.253229800601634,22626576
2019-10-14,20.765583038330078,20.819832900798946,20.32555825763258,20.379808120101448,11634550
2019-10-15,20.71736717224121,20.88011680293443,20.60886741844573,20.783672722073103,18101714
2019-10-16,21.012723922729492,21.08505795111823,20.39186661531399,20.777642889607083,20011385
2019-10-17,20.886137008666992,21.17546915456613,20.68722172825384,21.00669239511116,19322521
2019-10-18,20.63899803161621,20.86805180719969,20.58474817895459,20.86805180719969,12936707
2019-10-21,20.976560592651367,21.018754796029324,20.48831300996022,20.651061335782696,18556274
2019-10-22,21.627561569213867,21.633590058315882,20.898204268109414,20.958481343456576,40264667
2019-10-23,21.934967041015625,22.15196388240776,21.404525396635805,21.452746772210556,38952766
2019-10-24,22.03744125366211,22.20018955798567,21.778247579944306,21.977164200402395,30875043
2019-10-25,22.182111740112305,22.38102840574459,21.904835147969102,22.031417770128567,21476581
2019-10-28,22.483491897583008,22.62212884305446,22.019355776988977,22.09168719020084,23766261
2019-10-29,22.08566665649414,22.441303138151827,22.043472453497063,22.356914732157673,18759987
2019-10-30,22.224300384521484,22.302660291418086,21.645637299868277,21.983189571855295,26711381
2019-10-31,21.838525772094727,22.103746628105494,21.506999376428347,21.88071866697086,29501393
2019-11-01,21.919950485229492,22.25764413419947,21.654619574874193,22.1068876685801,21479867
2019-11-04,21.99229621887207,22.16114292280573,21.853601829056224,21.98023685700647,11404098
2019-11-05,22.372203826904297,22.908896313376328,22.191297740694004,22.697837909646232,53231512
2019-11-06,22.070695877075195,22.528993426072226,22.052605527286246,22.372206050729506,21562009
2019-11-07,22.20336151123047,22.281756509822024,22.052607712615735,22.179240173687173,17776203
2019-11-08,21.871685028076172,22.179226021331644,21.720928719354266,21.925956048191246,17094704
2019-11-11,21.96817970275879,22.191297466962933,21.648575305572304,21.829482692702516,19804840
2019-11-12,21.594301223754883,21.883751977381227,21.365152493275477,21.720936254254234,22256652
2019-11-13,21.377208709716797,21.612388375458355,21.214391717322407,21.50987339366143,20040504
2019-11-14,21.515907287597656,21.58223898696878,21.202333923133793,21.40736261131589,15875935
2019-11-18,21.419424057006836,21.829480145177307,21.395302727364086,21.708876103266064,15120338
2019-11-19,21.18424415588379,21.467665215548042,21.015397456241153,21.407363195147454,20266650
2019-11-21,21.401330947875977,21.40736193145076,21.123940888517122,21.184242905358026,29530285
2019-11-22,21.546062469482422,21.606364499916225,21.23249034744489,21.26264005951034,18618589
2019-11-25,21.238513946533203,21.64856998171595,21.111878936999513,21.582236985345613,17224432
2019-11-26,20.804340362548828,21.160124129228574,20.713886023227705,21.105851786266165,29657861
2019-11-27,20.924942016601562,21.063637698713812,20.65961131645002,20.924942016601562,21942357
2019-11-28,20.86463737487793,20.924939384506306,20.514883373361535,20.774183057284358,17958276
2019-11-29,20.985254287719727,21.00334463996958,20.683741466746305,20.906860589384156,18729509
2019-12-02,21.28386878967285,21.428656542685683,21.018422402961072,21.06668585644065,18635470
2019-12-03,21.289907455444336,21.543286751074806,21.060658590078663,21.47089285285372,18127093
2019-12-04,22.056076049804688,22.062109634368632,21.295936958383063,21.350232700892693,38590319
2019-12-05,22.025909423828125,22.36374842048538,21.899219800081653,21.94144967466381,32944354
2019-12-06,21.627737045288086,22.128461831925556,21.627737045288086,22.019872987716056,32623828
2019-12-09,22.050039291381836,22.249124086498814,21.579478430219037,21.71823390694618,30252119
2019-12-10,21.730295181274414,22.182759134076857,21.585507446456795,22.05003595740005,24390430
2019-12-11,21.476917266845703,22.122432440152522,21.452785541707744,22.019874563885487,41970398
2019-12-12,21.470890045166016,21.772531465594632,21.326102267657333,21.68807171142904,26461781
2019-12-13,21.92839241027832,21.964626935634573,21.348628258766105,21.620392419298966,30880481
2019-12-16,21.42713737487793,22.127687631402264,21.42713737487793,22.006901529306393,24544972
2019-12-17,21.75326156616211,21.91028224386224,21.463380049064824,21.590203539067552,21811156
2019-12-18,22.031064987182617,22.19412300845158,21.57812415408239,21.692869025924782,45832002
2019-12-19,22.1397705078125,22.169967693480462,21.807613211280067,21.83781039694803,24986388
2019-12-20,22.043148040771484,22.163931584060464,21.922361887300905,22.121657082891158,28170345
2019-12-23,22.24848175048828,22.24848175048828,21.928402994861827,22.043149194117248,13246469
2019-12-26,22.5866641998291,22.5866641998291,22.133722245804854,22.224311158645737,18505402
2019-12-27,22.526277542114258,22.761807202516,22.29074788171252,22.64706104635796,15244854
2019-12-30,22.405502319335938,22.701426485893396,22.26056152174948,22.550445727104414,10452831
2020-01-02,22.976428985595703,22.976428985595703,22.34809759874795,22.52330373218043,23414691
2020-01-03,22.734771728515625,23.10331397338332,22.62602412632938,22.656230923190794,28201956
2020-01-06,22.39643669128418,22.70456270091786,22.29977129509241,22.68643810233424,25259895
2020-01-07,21.876850128173828,22.499140524148938,21.876850128173828,22.396432742790893,22661019
2020-01-08,21.520383834838867,22.239341922060934,21.520383834838867,22.02184164542423,29436359
2020-01-09,21.091432571411133,21.707683121325946,20.8558089355717,21.623098637299005,54864165
2020-01-10,20.904138565063477,21.417679962113947,20.88601397394489,21.194138551051545,28915972
2020-01-13,21.18206024169922,21.387477111941028,20.988726870367927,21.157893243878192,33084393
2020-01-14,21.18206024169922,21.18206024169922,20.9222695847878,21.09747705494409,20884928
2020-01-15,20.92227554321289,21.10956656561804,20.783317224595937,21.079358462548065,37114247
2020-01-16,20.964561462402344,21.18810294515304,20.795395076063283,21.085395155052485,25897547
2020-01-17,21.10955810546875,21.32705714377604,20.982683340051583,21.085391110450722,22346045
2020-01-20,20.68059539794922,21.145802771690438,20.638303818518196,21.02497043366926,20759052
2020-01-21,20.239559173583984,20.831642751112373,20.203309984636736,20.547685113345917,30452887
2020-01-22,20.360383987426758,20.58392534256627,20.239550363755892,20.45100953158436,19763485
2020-01-23,20.84372329711914,21.031014228468838,20.1791401302055,20.239556306972847,37476920
2020-01-24,20.686635971069336,20.916218437526084,20.511427268548722,20.9101760377879,16718661
2020-01-27,20.239559173583984,20.59601780048171,20.185185390163113,20.38455984622814,16300584
2020-01-28,20.23351287841797,20.52351284357412,20.1187216335493,20.402679198354544,19471058
2020-01-29,19.919353485107422,20.414769105436623,19.889145390719094,20.354352916659966,22740896
2020-01-30,20.2093505859375,20.2093505859375,19.68372564246879,19.726017229551427,47347843
2020-01-31,19.828733444213867,20.173108688954326,19.659567023813313,19.931442560613366,28845953
2020-02-03,19.886146545410156,20.13396691535819,19.81965758001255,19.946590346926964,19924938
2020-02-04,20.043302536010742,20.224635258744954,19.886147857965167,20.16419145323864,17822429
2020-02-05,20.164194107055664,20.6235691793066,20.164194107055664,20.375748760385818,39419222
2020-02-06,20.11583709716797,20.393880716399426,20.013082357710193,20.369702669627458,30010677
2020-02-07,20.375747680664062,20.641702274502524,19.94659323166948,19.976815136798677,42053561
2020-02-10,20.720285415649414,20.895574348657824,20.357621135006767,20.387841743326558,52133635
2020-02-11,21.197786331176758,21.427475141069017,20.937876925038605,21.252186278092946,108217248
2020-02-12,21.113162994384766,21.44560651046748,21.010408272012814,21.258229944679766,75093200
2020-02-13,20.786758422851562,21.028536165600045,20.67191471346416,20.98018009456444,22982338
2020-02-14,20.436193466186523,20.792815116097287,20.351571601159478,20.7142371101941,35695618
2020-02-17,20.248811721801758,20.544989499670844,20.16419117897306,20.544989499670844,36522255
2020-02-18,20.33343505859375,20.39387886381756,19.928458689920642,20.17627907506742,27135350
2020-02-19,20.623563766479492,20.804896465486685,20.260899674680207,20.369698249112442,22404168
2020-02-20,20.5510311126709,20.714230934948638,20.448276394689607,20.69005289323006,54393857
2020-02-21,20.35588264465332,20.492918034084123,20.212618985735105,20.418170723810533,22094859
2020-02-26,19.340578079223633,19.683165163969267,19.166170402495805,19.37172211491494,39916949
2020-02-27,19.353038787841797,20.137873447686,19.041595693323476,19.122571274798066,69123763
2020-02-28,19.932321548461914,19.982153089306827,19.18485920435455,19.37172479038139,63523344
2020-03-02,19.866884231567383,20.122385882701725,19.48674532941323,19.89804287097144,58095028
2020-03-03,19.505455017089844,19.922982688553514,19.293574237910605,19.723566989758446,49501903
2020-03-04,19.692398071289062,19.835727567209734,19.274869270610175,19.823265186722562,35383476
2020-03-05,19.019371032714844,19.623853200470045,18.807490310398965,19.480522321653766,34451470
2020-03-06,18.614301681518555,18.91342710239005,18.271553887605513,18.446043379771705,36741263
2020-03-09,17.324329376220703,17.72939455391206,17.056362539474524,17.448963986770433,53794386
2020-03-10,17.754322052001953,18.508366295540466,17.18722972468079,18.383730338026528,50493617
2020-03-11,16.308547973632812,17.53620712300237,15.598126180738666,17.324327766079175,54658299
2020-03-12,14.706982612609863,15.305233547109907,13.965402155923677,14.457712063252647,66265997
2020-03-13,16.33347511291504,16.937957215534684,14.738142042388777,16.788393814315075,101625228
2020-03-16,14.831623077392578,15.990732764260626,14.158590907793535,14.644669771765214,70717328
2020-03-17,15.704063415527344,16.645060686124978,14.644662755655533,15.27407223062124,79869022
2020-03-18,14.613509178161621,15.112050362728297,13.423239642276622,14.937560813459712,94874360
2020-03-19,14.239598274230957,14.787994218050589,13.167733842229524,14.189744709657395,83448395
2020-03-20,13.741053581237793,14.937553743257086,13.4606244659888,14.576111084177436,83160613
2020-03-23,12.787598609924316,14.015256503893227,12.463545665767644,13.871925627060872,60567800
2020-03-24,14.021484375,14.507561609381149,13.398307501153628,13.522942067901766,58312904
2020-03-25,14.706982612609863,15.411173227578715,13.716130259864192,13.853229937367136,49727030
2020-03-26,15.112049102783203,15.467260710866144,14.781766302563438,15.099585372202807,57531134
2020-03-27,14.314376831054688,14.96871367537799,14.027715180658095,14.345535471888777,47564812
2020-03-30,15.024799346923828,15.199288823711013,14.227132974939279,14.401622451726464,34245491
2020-03-31,14.389164924621582,15.112050596098277,14.214675372658416,14.925098659025615,46028351
2020-04-01,13.344661712646484,13.955771966042388,13.213708167912657,13.855998670936058,50241525
2020-04-02,13.407022476196289,13.718812913097448,13.188768766092121,13.332191477665267,44364087
2020-04-03,12.88321304321289,13.394551494452426,12.477884506174597,13.357135992808821,42366382
2020-04-06,13.8310546875,14.142846395878424,13.650216520799438,13.806111027411118,44533358
2020-04-07,14.342402458190918,14.891155257270073,14.292515105050038,14.654193025007734,43110310
2020-04-08,15.07822036743164,15.209171215639248,14.304977675348074,14.348628407276458,46392951
2020-04-09,14.654184341430664,15.40248341449962,14.654184341430666,15.252822791339256,42268831
2020-04-13,14.965973854064941,14.965973854064941,14.354863608763061,14.623004588480645,24475859
2020-04-14,15.153045654296875,15.683090921418017,15.153045654296875,15.25281892861064,38256991
2020-04-15,14.591818809509277,15.265286540670068,14.573110399282598,14.872430139563455,39479498
2020-04-16,14.223910331726074,14.853728948179484,14.217675090903837,14.778899320425428,35203782
2020-04-17,14.47957706451416,14.722774325132866,14.099192400322753,14.616764468086865,28510925
2020-04-20,14.117899894714355,14.323681680092433,14.030598449549277,14.167785857275575,32385445
2020-04-22,13.949531555175781,14.423454240190528,13.849758287405455,13.968238621764844,54442009
2020-04-23,13.749982833862305,14.180254730052724,13.619030693401347,14.130368777886302,46968628
2020-04-24,13.02039623260498,13.606562738260655,12.702369322811306,13.55667677190634,77972720
2020-04-27,13.450671195983887,13.80611232146729,13.157586531412335,13.431962775374906,43526121
2020-04-28,14.560643196105957,14.722775615783002,14.08672180805717,14.329919089995402,66017077
2020-04-29,14.753952026367188,15.040799985054925,14.442160415382139,14.965969028162995,35725869
2020-04-30,14.198978424072266,14.548184507830138,14.005666950864565,14.086733226413399,52450082
2020-05-04,13.659212112426758,13.78400990620396,13.590572516769942,13.69665091117368,36303925
2020-05-05,14.164650917053223,14.58272665759465,13.67169620104258,13.852654961187135,58831591
2020-05-06,13.87761402130127,14.214571440910737,13.727856067118942,14.102252301040915,33059693
2020-05-07,13.378412246704102,14.027365255672168,13.18497488810796,13.964966368731227,59143166
2020-05-08,13.927526473999023,14.208324167134018,13.665449526049965,13.740328461397496,40499198
2020-05-11,13.9649658203125,14.370561266431215,13.83392600533799,13.83392600533799,43299294
2020-05-12,13.48449420928955,14.139688090225892,13.472015507355982,14.046088386463957,49000210
2020-05-13,13.478259086608887,13.69041596455597,13.228662045718467,13.56561811834384,39327676
2020-05-14,14.071043968200684,14.096004060983105,12.93537592818415,13.29729322813335,69987336
2020-05-15,13.496980667114258,14.208334438315788,13.496980667114258,14.039855700641787,42790577
2020-05-18,14.145931243896484,14.314409946878907,13.734094863872595,14.008653349532588,56197819
2020-05-19,13.534407615661621,14.17711977504618,13.484487439127832,14.120960250678198,46319079
2020-05-20,13.478259086608887,13.696656665946273,13.328501131767867,13.684176611631829,46901668
2020-05-21,14.252007484436035,14.252007484436035,13.546894736065973,13.553134087159314,68890818
2020-05-22,14.326883316040039,14.570239531071012,13.858887586711347,14.102245150207791,58072141
2020-05-25,14.950884819030762,15.094403429575292,14.595207969319043,14.919685355602166,31903240
2020-05-26,14.358083724975586,15.23791435274072,14.26448403344369,15.181754807514695,60124797
2020-05-27,14.80735969543457,14.80735969543457,14.451683002168073,14.75120014657851,41286633
2020-05-28,14.545283317565918,15.007038429137262,14.545283317565918,14.65760242004883,27099660
2020-05-29,14.376805305480957,14.539044615626246,14.170887840715956,14.464164311651913,61146310
2020-06-01,14.773298263549805,14.891933948869484,14.173873722970168,14.2550462178437,44437732
2020-06-02,15.766097068786621,15.797316849224714,14.879448287754059,14.985595811112454,65499523
2020-06-03,16.184444427490234,16.71518476532345,16.1095166814143,16.42171719763252,66527720
2020-06-04,16.652734756469727,16.752638805021448,15.909699829043848,16.090774989370136,50233367
2020-06-05,17.021137237548828,17.92027271598785,16.971185866232954,17.583097248909258,73266011
2020-06-08,17.707983016967773,17.7829107711062,17.177242622025034,17.23968354159419,35987818
2020-06-09,17.35831069946289,17.63304521262376,17.021133948199843,17.21469867933468,58505854
2020-06-10,16.602792739868164,17.589345685403114,16.534108409294987,17.551881137087445,55794358
2020-06-12,16.27186393737793,16.465428785798515,15.9971292577485,16.178204571505812,61413132
2020-06-15,15.890970230102539,16.22814562144723,15.628722553574017,15.672430499662104,42389042
2020-06-16,16.34678840637207,16.590304577557188,16.047076091886975,16.546596616028797,43066689
2020-06-17,16.552837371826172,16.82132851405752,16.32805283475424,16.346785779072977,40552449
2020-06-18,17.20221710205078,17.427000339797946,16.43420534506191,16.5465976386077,61149709
2020-06-19,17.539392471313477,17.633051815506793,17.22094854210516,17.54563723719967,70349896
2020-06-22,16.996164321899414,17.63305079407879,16.802599529494795,17.50817167572156,33178998
2020-06-23,16.771377563476562,17.32709280614585,16.584057561016685,17.29587303062656,67533031
2020-06-24,16.134489059448242,16.80884130617662,15.984632254984113,16.727668814202545,64993751
2020-06-25,16.328054428100586,16.440446707604167,15.928439383362871,16.253126691546278,52542988
2020-06-26,16.053319931030273,16.371762475779377,15.947171066769654,16.053319931030273,44938632
2020-06-29,16.53410530090332,16.559081661751573,16.07829413681568,16.171954815324543,34859350
2020-06-30,15.890970230102539,16.427953760519586,15.890970230102537,16.371757637071493,51811183
2020-07-01,16.306446075439453,16.375170904298773,15.956576183268439,15.994061471635304,44340408
2020-07-02,16.587594985961914,17.02493380274904,16.50012749263256,16.556358138504702,47130873
2020-07-03,16.55635643005371,16.675062108731396,16.368925913668868,16.48763159234655,11603506
2020-07-06,17.324813842773438,17.399785747711626,16.775018073040524,16.94370452161653,33275416
2020-07-07,16.475135803222656,17.31232534080153,16.443897609306163,17.13738902461681,73551300
2020-07-08,16.831260681152344,16.912481103314178,16.556363906468057,16.650078531909404,38509083
2020-07-09,16.83750343322754,16.9749517740417,16.606339148555215,16.881237180323915,49262840
2020-07-10,16.993680953979492,17.06240709512647,16.631317065359212,16.837490088242923,27255901
2020-07-13,16.7437744140625,17.212351067158437,16.7437744140625,17.149874720134708,28077666
2020-07-14,17.024930953979492,17.13114107806725,16.51886872721288,16.712546329994122,32228524
2020-07-15,17.14363670349121,17.3685538498123,16.91247245872349,17.20611443865826,36201842
2020-07-16,16.856237411499023,17.06865893819133,16.818752133349587,16.974943042538374,22066534
2020-07-17,17.006189346313477,17.118646575681495,16.868739671327805,16.937464508820643,36778199
2020-07-20,17.056167602539062,17.199864354549042,16.843746023450397,17.024929412996027,32553016
2020-07-21,17.356054306030273,17.51849367977781,17.09365057903523,17.24359575876666,42023423
2020-07-22,16.91246795654297,17.399787410418444,16.725037501217,17.399787410418444,51680208
2020-07-23,16.55635643005371,16.956207208238553,16.53136533449834,16.931216112683177,33214348
2020-07-24,16.537612915039062,16.793768276592587,16.312697098909837,16.46264097632932,34212861
2020-07-27,17.368545532226562,17.443517428383746,16.581337247227392,16.637566506880155,56040672
2020-07-28,17.26859474182129,17.65595138718522,17.19362144260986,17.318575591155128,26941380
2020-07-29,17.67469596862793,17.79965013082974,17.41854054367749,17.587228460128845,30774772
2020-07-30,17.37480926513672,17.637211828023304,17.13114935670181,17.412295924180857,32962255
2020-07-31,16.800012588500977,17.481008318325113,16.73753486317863,17.456018578336106,34987266
2020-08-03,17.053180694580078,17.321981434795475,16.565590633405055,16.940659391657665,37612314
2020-08-04,16.05925178527832,16.684369807515175,15.884219171338033,16.409317013158898,90419518
2020-08-05,16.0467472076416,16.44057050541687,15.852960175558373,16.346802281626438,56571143
2020-08-06,16.27179718017578,16.440579262362878,15.884224260465196,16.06550886920996,33894374
2020-08-07,15.927974700927734,16.53433676167957,15.877964623199638,16.02174157032765,75467317
2020-08-10,16.134262084960938,16.303042711592752,15.884214410650907,15.952977588630837,34110211
2020-08-11,15.94672966003418,16.434319869253272,15.94672966003418,16.328050468056865,29715757
2020-08-12,15.765447616577148,16.165522944388613,15.571661889546277,16.059252175560886,56153519
2020-08-13,15.315360069274902,15.971733589297898,15.315360069274902,15.915472924673438,46391704
2020-08-14,15.459141731262207,15.759198250344928,15.234100355120653,15.359122891567965,34715799
2020-08-17,15.09032154083252,15.47164239252163,14.9090369935564,15.452887933597115,42819015
2020-08-18,15.186104774475098,15.436700209846157,15.067072044213349,15.424170234998593,47555975
2020-08-19,15.110923767089844,15.29887065083737,15.04827525712728,15.236220787014972,31101529
2020-08-20,15.110923767089844,15.186102249816887,14.74755997235927,14.847798400615273,37688678
2020-08-21,15.085864067077637,15.186102496964981,14.916711462794016,14.979361327636019,26907617
2020-08-24,15.336464881896973,15.555737455504003,15.179842195260663,15.192372172654808,37897717
2020-08-25,15.223701477050781,15.474298400140764,15.11093435090715,15.436708455519032,36263931
2020-08-26,14.904194831848145,15.261293256309683,14.728776423052912,15.223703307169073,34718858
2020-08-27,15.14852237701416,15.348997994691418,14.910455465615215,14.966839698476528,39986969
2020-08-28,15.305142402648926,15.386586588291607,15.129725406366687,15.223698217006246,63602201
2020-08-31,14.753832817077637,15.217435308263715,14.753832817077637,15.142256782045008,51036438
2020-09-01,15.258478164672852,15.25847816467285,14.876076303404627,14.963840709424334,63655112
2020-09-02,15.227130889892578,15.327433241723881,14.982643991973976,15.26474477985052,28518629
2020-09-03,15.59699821472168,15.985669746025147,15.145638207464705,15.170714139735514,91774926
2020-09-04,15.647149085998535,15.85402212729183,15.39012418334721,15.772527384670177,47223326
2020-09-08,15.29609203338623,15.528041013820019,15.214595933068177,15.39639440503788,33126654
2020-09-09,15.314896583557129,15.553113842755609,15.145636096406635,15.421468603491883,33617016
2020-09-10,14.988917350769043,15.459083640318676,14.982647690200215,15.296092786382335,41152259
2020-09-11,14.813384056091309,15.08921516971734,14.68800578454379,15.013988748678083,26452944
2020-09-14,15.076679229736328,15.183249894278909,14.619049628708217,14.913688403164347,49272923
2020-09-15,14.87608528137207,15.1895291971582,14.794589131716554,15.1519166317205,33112604
2020-09-16,14.832189559936523,15.18324707654895,14.819651597954213,14.894878015125007,29033351
2020-09-17,14.850997924804688,14.938762316363691,14.662931177932071,14.731889301220791,28402837
2020-09-18,14.48112964630127,14.807111184990221,14.437247463988419,14.731884780271452,44287157
2020-09-21,14.355751037597656,14.430977440407137,14.0736516883814,14.261718372766506,41436302
2020-09-22,14.48112964630127,14.612776193239828,14.267987037329053,14.324407179548842,30894983
2020-09-23,14.0924654006958,14.499943206498529,14.086195740225444,14.368296593303349,27895932
2020-09-24,14.43725299835205,14.631588064598672,14.054849816130377,14.105001674983287,45360901
2020-09-25,14.362031936645508,14.405914152193445,14.180233412390413,14.299342089631406,24666882
2020-09-28,14.355751037597656,14.982639533973742,14.155146393623834,14.575161943593146,66094801
2020-09-29,14.042308807373047,14.362023451445289,13.979620352119662,14.355753793086109,30706679
2020-09-30,14.105005264282227,14.224113927282412,14.023509150269621,14.15515578117357,25282781
2020-10-01,14.126955032348633,14.177138983289746,13.913670190688457,14.145773844498192,23197155
2020-10-02,14.170873641967773,14.62880733931814,14.01404651331941,14.026592846286585,40201106
2020-10-05,14.321420669555664,14.434336261301963,14.014040390845045,14.2524165461966,25874887
2020-10-06,14.346514701843262,14.666441338753879,14.246145427947079,14.484521606183584,23946974
2020-10-07,14.239869117736816,14.428062659848191,14.158320028823864,14.384149839229178,25827981
2020-10-08,15.09927749633789,15.231011861084612,14.17713558748431,14.252412173678644,71616250
2020-10-09,15.055371284484863,15.438029578431847,14.7981762818959,14.99264099443299,55458763
2020-10-13,14.911087989807129,15.136919164482228,14.816992570777106,15.042823745452207,35136596
2020-10-14,14.867182731628418,15.036554812293378,14.842090069445703,14.986370843555294,24984802
2020-10-15,14.735445976257324,14.885999214473424,14.591165224788922,14.716627160387095,24705404
2020-10-16,14.497069358825684,14.71035425625803,14.484523028902933,14.685261596412525,24088939
2020-10-19,14.653894424438477,15.024006361319659,14.390425599350365,14.58489029721244,43371919
2020-10-20,15.237290382385254,15.306294511915162,14.74171785832216,14.75426418693006,51806311
2020-10-21,15.375295639038086,15.64503690673949,15.099280530444315,15.218468595504321,43210807
2020-10-22,16.165706634521484,16.259802074321207,15.400391363849476,15.412937693614879,75295554
2020-10-23,15.958686828613281,16.49817057883844,15.93986666647503,16.24724818805088,57271110
2020-10-26,16.071613311767578,16.222166577529762,15.783051756033903,15.870874720333074,36406802
2020-10-27,15.613675117492676,16.41662796315046,15.488213184635137,16.37271648999439,53568353
2020-10-28,14.917366981506348,15.318844161486831,14.886001831000504,15.212201023014119,43793395
2020-10-29,14.992644309997559,15.080467277742741,14.453160171616087,14.791905710686445,48676512
2020-10-30,14.729171752929688,15.01145940619062,14.572346032022002,14.835814869899432,44402270
2020-11-03,15.090105056762695,15.265863245851097,14.882961670550477,15.002225962218493,42419859
2020-11-04,15.692705154418945,16.15720931054976,15.611102559668597,16.006558470740945,109894315
2020-11-05,16.06305503845215,16.282754159869874,15.95006722892166,16.012838987824143,50004728
2020-11-06,16.044218063354492,16.20742186120187,15.85590557153261,15.91239945472852,36059991
2020-11-09,17.343576431274414,17.588382850386306,16.78491670692432,16.78491670692432,113427009
2020-11-10,18.128211975097656,18.29769365751188,17.35613101603352,17.35613101603352,96471437
2020-11-11,17.977561950683594,18.203536163899486,17.707646837585344,18.052886688422223,69702386
2020-11-12,17.538171768188477,18.10938600327787,17.318472628967697,17.839472165853977,52200255
2020-11-13,17.870849609375,17.95245219507283,17.569550676169232,17.6825384543682,41748557
2020-11-16,18.498558044433594,18.573882774310796,18.140763881899947,18.216088611777153,61190157
2020-11-17,18.51111602783203,18.58644213451707,18.14076877418651,18.435792634134806,45997873
2020-11-18,18.059158325195312,18.561325369148623,18.02149664470714,18.473446306018456,46844791
2020-11-19,18.084270477294922,18.45461899742641,17.996391397347377,18.140764365331712,30181873
2020-11-23,18.14076805114746,18.335358450920467,18.034058105671,18.109382852859905,31243381
2020-11-24,18.64920997619629,18.94423243919375,18.26630842394453,18.26630842394453,53998780
2020-11-25,18.429506301879883,18.699421335426063,18.159591268333703,18.592710078294804,47849082
2020-11-26,18.040332794189453,18.416957848871196,17.96500805455185,18.385572653730005,34762819
2020-11-27,18.178430557250977,18.699430026737552,18.140768860223744,18.234925815779654,50016285
2020-11-30,17.92734718322754,18.329080985398306,17.92734718322754,18.184707985024055,67854576
2020-12-01,18.684127807617188,19.136315000723553,18.17541704572174,18.244501558375752,58196205
2020-12-02,18.82857894897461,18.99186852494988,18.489437494403177,18.790896112731197,36436713
2020-12-03,18.816020965576172,19.393816402359775,18.778338123400733,18.929066777689222,45192877
2020-12-04,19.004430770874023,19.09863583211955,18.621326659738607,18.979308878325945,39764447
2020-12-07,19.117477416992188,19.506859955003247,18.85998141830223,18.99815046640149,34741292
2020-12-08,19.067237854003906,19.55082691498654,18.96047182571617,19.117481648873508,31536148
2020-12-09,19.180288314819336,19.305896466263828,19.023278464815473,19.086081861934215,35784218
2020-12-10,19.814598083496094,19.92136544375746,19.31844819105496,19.31844819105496,57185795
2020-12-11,19.697521209716797,19.810796643257685,19.389157662926614,19.61570988997181,27197665
2020-12-14,19.433212280273438,19.90519717173156,19.433212280273438,19.804506825826802,30308089
2020-12-15,19.60941505432129,19.760449854752885,19.433207333830005,19.433207333830005,28385955
2020-12-16,19.980716705322266,20.25132229356717,19.521316868525133,19.659766618779855,46688550
2020-12-17,19.95553970336914,20.232437787401356,19.86743582935723,20.06881650137402,20237079
2020-12-18,19.9240665435791,20.213550977952668,19.829668794996742,19.961825915004635,35932075
2020-12-21,19.571659088134766,19.823384252750508,19.452089736939552,19.540193612553235,26583352
2020-12-22,19.666046142578125,19.91777254719143,19.603115221406227,19.615701677633176,22273647
2020-12-23,20.10028648376465,20.16951136028688,19.678646032167478,19.710111514232914,22613773
2020-12-28,20.245025634765625,20.408646931989573,20.144335291866987,20.27649111192828,17498731
2020-12-29,20.20098114013672,20.38348151892895,20.093998206360723,20.307965433876785,18563298
2020-12-30,19.905200958251953,20.345720455407022,19.905200958251953,20.263909108807994,29055105
2021-01-04,19.45502281188965,20.14130028610815,19.41724686907912,20.135004749175998,35517057
2021-01-05,19.3290958404541,19.555755516432097,18.995401181373218,19.347983806633493,32007023
2021-01-06,19.895753860473633,20.185374429617728,19.385766354127718,19.505393809040957,48789132
2021-01-07,20.670185089111328,20.814996110200337,19.83279938270804,19.927242003709722,52265063
2021-01-08,20.663877487182617,21.054237487982643,20.41832843247601,20.73313519196832,59519322
2021-01-11,20.197961807250977,20.58832037403138,19.97130076534504,20.44350945517113,35762351
2021-01-12,20.260923385620117,20.43091781300695,20.16018529206086,20.260923385620117,37490176
2021-01-13,19.927230834960938,20.48128972843149,19.681681790712386,20.260925550415777,48404705
2021-01-14,20.519065856933594,20.739430036987248,19.93982209187332,20.160187632535642,31976092
2021-01-15,19.744640350341797,20.393140377525636,19.73834481480384,20.179073120716012,42778794
2021-01-18,19.64390754699707,20.103523912057984,19.606130244388098,19.933528091230766,21439532
2021-01-19,19.41094970703125,19.90204784174651,19.234658348027573,19.826494596546187,30824398
2021-01-20,19.089845657348633,19.580942351764225,18.957625798942576,19.549461951423186,32848502
2021-01-21,18.83169937133789,19.177986432578585,18.66800050332516,19.089842144210174,39282922
2021-01-22,18.428754806518555,18.55467778898172,18.24616791058619,18.41616237221136,41696212
2021-01-26,17.81708335876465,18.826192449265083,17.74770675953822,18.28379643237874,57774842
2021-01-27,17.81708335876465,18.28379643237874,17.57111277092148,17.728786364456276,48685803
2021-01-28,18.536073684692383,18.687440936797966,17.80446961550627,17.84231176926879,58947950
2021-01-29,17.87384605407715,18.636984563015922,17.842311607699518,18.42885612656798,52468890
2021-02-01,18.350265502929688,18.564813768762562,18.135715873431025,18.29978259544022,52534944
2021-02-02,17.95903778076172,18.489100403555852,17.66876500246974,18.35027506296684,113671397
2021-02-03,17.870691299438477,18.23668705922972,17.801277957840234,18.148343302165152,46949933
2021-02-04,17.794967651367188,18.022136720014657,17.59303868123639,18.003206305210593,74160061
2021-02-05,17.71923828125,17.952719695275484,17.599343415101192,17.864374602482513,44519988
2021-02-08,17.39111328125,17.79497130441782,17.35956212887749,17.668765331261245,32786187
2021-02-09,17.599346160888672,17.9274810371737,17.182868905359538,17.34693566166901,42778341
2021-02-10,17.473146438598633,17.788660672868172,17.27752848609805,17.605662089711892,32474159
2021-02-11,17.473146438598633,17.750798473835903,17.353251520496134,17.662454706427066,25381012
2021-02-12,17.517311096191406,17.731860741536916,17.29014072304135,17.372174771937956,28173404
2021-02-17,17.738174438476562,17.84544860359688,17.441592040771674,17.542556522394523,27915647
2021-02-18,17.611961364746094,17.984267995677108,17.548859100655676,17.61827240935452,55882732
2021-02-19,17.42897605895996,17.794971893190358,17.252288508894708,17.59935256014199,30505118
2021-02-22,16.160600662231445,16.79162742994764,16.110117757161348,16.75376525114506,97990677
2021-02-23,17.195486068725586,17.309069883435516,16.31204745917261,16.349909639853113,86633938
2021-02-24,16.94307518005371,17.365862019799778,16.791627824946552,17.309069432092812,40386578
2021-02-25,16.413009643554688,17.07558885011497,16.394079237662154,16.974624412578788,46423088
2021-02-26,16.21438217163086,16.747457389174837,16.18899724562871,16.626881047789915,54721294
2021-03-01,15.728604316711426,16.490587860130628,15.728604316711428,16.446138865838556,51129457
2021-03-02,16.363595962524414,16.712838772779545,15.188871144191223,15.44921593426016,75324899
2021-03-03,16.40169334411621,16.693787213521396,15.76035805766817,16.363594979024434,69736603
2021-03-04,16.91603660583496,17.208130550442704,16.465197145437894,16.522346080010898,74479227
2021-03-05,17.5446720123291,17.66531914289207,16.839837042549227,16.973185459954827,87989913
2021-03-08,16.98588752746582,17.766920774836723,16.865240371864726,17.081136220776667,64742225
2021-03-09,17.2208251953125,17.5002191386976,16.731886137444,16.903332888687707,42477076
2021-03-10,17.347822189331055,17.45576937679333,16.896981514244533,17.21447517932884,42320722
2021-03-11,17.37322235107422,17.703415959955652,17.131928129839988,17.525619929104796,39134159
2021-03-12,17.258920669555664,17.4684657323025,17.182722589667847,17.23987149263905,27834637
2021-03-15,17.462127685546875,17.51927525302077,17.13193396421612,17.239882571296484,31826649
2021-03-16,17.106538772583008,17.487532264685026,16.896993518316123,17.468481698135225,24795138
2021-03-17,17.773269653320312,17.811368029080718,16.998585755452222,17.05573469131498,40771231
2021-03-18,17.874862670898438,18.23680400174224,17.67801608570311,17.73516500577777,51899784
2021-03-19,17.912960052490234,18.14790499001943,17.620866198024565,17.932009234061827,53595885
2021-03-22,18.014556884765625,18.02090752638643,17.462119674836128,17.773262692050473,40546557
2021-03-23,17.557373046875,18.10981182088953,17.551023775270686,17.779618136357257,35929469
2021-03-24,17.252574920654297,17.652617354875105,17.252574920654297,17.55101942881192,45459132
2021-03-25,17.557373046875,17.576422233910026,17.062083206187634,17.144631970376224,58976162
2021-03-26,17.856767654418945,17.882214084474935,17.487799917565468,17.50688405273766,37105863
2021-03-29,17.85041046142578,17.945832531950398,17.557780578899802,17.88857873973967,25971872
2021-03-30,18.143037796020508,18.162121932497357,17.704093033875075,17.710453954454128,27019104
2021-03-31,17.793161392211914,18.117598717697714,17.608676748925745,18.00945202604228,33286180
2021-04-01,17.248939514160156,17.904527297303506,17.248939514160156,17.904527297303506,36071207
2021-04-05,17.471725463867188,17.560833010589096,17.26168182541704,17.414439584765045,27186335
2021-04-06,17.268051147460938,17.586296775269588,17.15348211623968,17.503553544759036,26249344
2021-04-07,17.115285873413086,17.408071282839547,16.962526773411238,17.198029067748628,35444885
2021-04-08,16.98162841796875,17.248955238115983,16.975264083169925,17.191670723016205,30197509
2021-04-09,16.956159591674805,17.178933202497785,16.867052073013244,16.886146443049515,23231598
2021-04-12,17.376245498657227,17.376245498657227,17.0389042894636,17.057998659651346,28113582
2021-04-13,17.369882583618164,17.46535581781973,17.108920209370677,17.293502345684505,30517241
2021-04-14,17.59266471862793,17.879085957558733,17.217133152065077,17.414445438841607,45978612
2021-04-15,17.59266471862793,17.872720246417554,17.43354119678736,17.60539338995473,33895961
2021-04-16,17.789958953857422,17.885433520274425,17.497172300877306,17.497172300877306,22814088
2021-04-19,17.52263641357422,17.796328766640578,17.47171764174708,17.745408619336747,30561428
2021-04-20,17.433528900146484,17.68176119905208,17.357150048670178,17.446258937972,22424902
2021-04-22,17.439899444580078,17.64357737139847,17.331696147729126,17.522644032186705,27442166
2021-04-23,17.52263641357422,17.758138656162703,17.43989186194384,17.47171764174708,19459161
2021-04-26,17.50991439819336,17.726322372419645,17.363520970845773,17.611753363977652,23160786
2021-04-27,17.242584228515625,17.66266867599104,17.198029775738622,17.48445086488304,33665508
2021-04-28,17.99297523498535,18.050379429720955,17.50185214245451,17.552877327579903,42502908
2021-04-29,17.425321578979492,18.082278544074814,17.39343065151784,17.973849115034817,37968076
2021-04-30,17.55925178527832,17.59752031961414,17.189314809376967,17.336014073816376,48196913
2021-05-03,17.804950714111328,17.990020763578755,17.600735962665404,17.67731614968198,46978032
2021-05-04,17.045522689819336,18.092121980133918,17.00723329597866,17.932580540627416,89509379
2021-05-05,17.530536651611328,17.645407620169482,16.92427489201307,17.16678042331391,56856659
2021-05-06,17.42204475402832,17.626259462738396,17.28802911001901,17.460334149972528,27016611
2021-05-07,17.632646560668945,17.677318457185063,17.38375988604979,17.49224976266233,30255405
2021-05-10,17.89430046081543,18.02193368869066,17.562451034313156,17.658177334322612,32535114
2021-05-11,17.855998992919922,17.970869932634653,17.690075068388765,17.702838659368425,28633629
2021-05-12,17.594362258911133,17.741141587085085,17.47311013018565,17.677323588463917,26098428
2021-05-13,18.104887008666992,18.232521549508757,17.594351603504577,17.619878787493395,48363464
2021-05-14,18.50693130493164,18.62180223735799,18.08573972483785,18.289954409350894,50573834
2021-05-17,18.49416732788086,18.5260742316055,18.104882691730722,18.423968278201066,42125619
2021-05-18,18.455886840820312,18.666482728058057,18.302726446302458,18.379306643561385,29956293
2021-05-19,18.58989143371582,18.660090480591244,17.996393535364383,18.20698929688871,29980879
2021-05-20,18.692012786865234,18.966425317386697,18.545233478315442,18.62819479677643,36382216
2021-05-21,18.78135108947754,18.81325938561882,18.468647856549367,18.717534497194972,31633020
2021-05-24,18.730295181274414,18.88983802804168,18.63457030067553,18.838785034209433,28429122
2021-05-25,18.53771209716797,18.780620888103098,18.397081855170452,18.74226643225149,38124430
2021-05-26,18.793413162231445,18.902082091493796,18.5888587459994,18.5888587459994,23792660
2021-05-27,18.633609771728516,18.857340790831255,18.454624956446324,18.793418037200976,67821833
2021-05-28,18.940448760986328,19.01076326446694,18.537731390302064,18.57608588607109,29988923
2021-05-31,18.882896423339844,19.132196911335225,18.787010982697435,18.96599566507448,17563652
2021-06-01,19.570430755615234,19.570430755615234,19.058786211701612,19.084367471428397,48906171
2021-06-02,20.2227840423584,20.331508219617213,19.589622508924652,19.60241383250193,64182184
2021-06-04,20.64488410949707,20.70883932452772,20.10765698620378,20.19079848932397,41730769
2021-06-07,21.13094711303711,21.220484965969543,20.382665300303263,20.64488389050464,67509805
2021-06-08,20.98383903503418,21.201287213258954,20.632082759185597,20.990234000588842,81765550
2021-06-09,21.27164649963379,21.866433796956468,20.734419441677574,20.894308841906856,101547730
2021-06-10,21.194900512695312,21.668172375416443,21.05419877674753,21.489096684883922,56582926
2021-06-11,20.94547462463379,21.20129685886657,20.696047358865084,21.13094667736885,26202324
2021-06-14,20.875123977661133,21.14373752493072,20.696046897383216,21.06698961248382,26905690
2021-06-15,20.875123977661133,20.996639432554776,20.651277972838287,20.951870508009844,19955642
2021-06-16,21.290836334228516,21.495493294683726,20.753607839501168,20.900705936830317,75863980
2021-06-17,21.041404724121094,21.96236569349023,21.015822091055853,21.527466459772953,56128933
2021-06-18,20.657676696777344,21.086179704398035,20.51697493865476,20.945476564177103,46601083
2021-06-21,20.753612518310547,20.93908461496916,20.5041851934724,20.60651438781878,31004431
2021-06-22,20.48499870300293,20.760008669288325,20.344296925951202,20.612910540221478,46060415
2021-06-23,20.337888717651367,20.86232431853242,20.241955932236845,20.497778075439964,32356327
2021-06-24,20.344297409057617,20.593723355304064,20.13324266532041,20.57453706300016,26939907
2021-06-25,19.698331832885742,20.54894107944512,19.576816423676927,20.453008298100585,44105310
2021-06-28,19.474498748779297,19.762298644188,19.218676465960616,19.723926061919364,40825275
2021-06-29,19.28263282775879,19.468104926651492,19.07797443660083,19.35298440886282,34621647
2021-06-30,19.058792114257812,19.35938341145341,19.039605817996073,19.186702598801208,25504056
2021-07-01,18.997983932495117,19.18354928659661,18.76122894648595,19.06197270087157,22975087
2021-07-02,19.2027587890625,19.260348029881172,18.9212121577237,19.119574022814543,28580038
2021-07-05,18.94040298461914,19.106772472091027,18.90840927788811,19.017188157332427,13798920
2021-07-06,18.90840721130371,19.023585649182316,18.70364585125151,18.863615750216912,27612682
2021-07-07,18.991588592529297,19.15795804455492,18.652454267200234,18.927601192700234,44403516
2021-07-08,18.74203872680664,18.985191972458868,18.53087780091539,18.652455806535407,55591098
2021-07-12,18.997983932495117,19.196345657478417,18.76122894648595,18.81241996118711,30539448
2021-07-13,19.113174438476562,19.2155551499302,18.65886011782569,18.876419302513966,35688706
2021-07-14,19.138765335083008,19.740251740067478,19.08117749102161,19.32433077526126,48257302
2021-07-15,18.90840721130371,19.24114338429309,18.799628343748324,19.10677038382663,25655652
2021-07-16,18.601274490356445,19.06198847268591,18.56928077109348,19.0491907084218,21614354
2021-07-19,18.492496490478516,18.614073182858355,18.306932356381857,18.36452022425018,39053943
2021-07-20,18.735645294189453,18.857223339636963,18.31332606964811,18.40930720875501,29845712
2021-07-21,18.81243133544922,18.978799468229557,18.703651054835895,18.722847005558233,15188431
2021-07-22,18.62047004699707,18.889218922452166,18.524487515594824,18.825230107252505,19526235
2021-07-23,18.56927490234375,18.767638111553573,18.428502305518442,18.690852933031206,18986587
2021-07-26,18.895610809326172,19.029985202228747,18.607666076761802,18.607666076761802,27382004
2021-07-27,19.081178665161133,19.20915488635874,18.767638375160917,18.876417264362647,41281308
2021-07-28,19.701866149902344,19.9770146319452,19.26035087636517,19.2923445964829,78928065
2021-07-29,19.599477767944336,19.82343508837202,19.388316823431925,19.759447677619544,26288092
2021-07-30,19.388315200805664,19.893819022149778,19.23474487473456,19.45230398899688,48144908
2021-08-02,19.506757736206055,20.172559862966622,19.506757736206055,19.718021925792744,42392667
2021-08-03,19.698816299438477,20.121344675002987,19.308296098121893,20.102139217062557,62356921
2021-08-04,19.148242950439453,19.67320401530472,19.097027945405202,19.577175362060913,57249470
2021-08-05,19.205852508544922,19.570764278967292,19.013795283929078,19.333892041767122,55969180
2021-08-06,19.74363136291504,19.871670986420472,19.173856490969097,19.282690655166462,37719836
2021-08-09,19.974102020263672,20.12134571673571,19.698817319295838,19.698817319295838,38432832
2021-08-10,19.596378326416016,19.9548874665461,19.570770135412804,19.948486110534656,35944764
2021-08-11,19.81404685974121,20.03171374992922,19.295488520968984,19.46194040471925,39474399
2021-08-12,19.4427433013916,19.903684124031777,19.4427433013916,19.743636284106426,30945175
2021-08-13,19.70520782470703,19.807639188408103,19.28267965998378,19.474738293988484,34220225
2021-08-16,19.489273071289062,20.016011044235256,19.444307736146957,19.6948292856992,40491380
2021-08-17,19.418617248535156,19.643445363191066,19.103859831443756,19.470007007826354,44072680
2021-08-18,19.45716094970703,19.990322105323067,19.27729955573952,19.347959785701658,53791214
2021-08-19,19.206632614135742,19.804029376508588,19.04604174330736,19.206632614135742,45082749
2021-08-20,19.13597869873047,19.225909387324347,18.756984090969105,19.013928717214185,39317932
2021-08-23,19.341533660888672,19.418616910320853,19.129554377909663,19.180944136305804,24393150
2021-08-24,19.881120681762695,19.919663006156046,19.425044144666984,19.431468559480326,34165275
2021-08-25,19.906816482543945,19.945358808714385,19.604906452776873,19.752649954186783,19855031
2021-08-26,19.425045013427734,19.87469854398253,19.380079660372253,19.849003659904454,39789600
2021-08-27,19.759069442749023,19.823306641529715,19.33511087160669,19.54066713138081,25233269
2021-08-30,19.61775016784668,19.78476410653129,19.48927715984819,19.71410388272402,21302552
2021-08-31,19.87470054626465,20.086679890858925,19.61133142833695,19.675568645003725,49407297
2021-09-01,19.961463928222656,20.32778885022212,19.92290428727699,19.961463928222656,32612838
2021-09-02,19.241661071777344,19.858627567421646,19.138833091030733,19.852201426240452,36876544
2021-09-03,19.132408142089844,19.383049885140938,18.811070508628045,19.36377007156057,56222519
2021-09-06,19.376625061035156,19.453745709435733,19.036007590833368,19.068141078597314,30840146
2021-09-08,18.457603454589844,19.344494518306984,18.361202976621847,19.305933493818337,54336867
2021-09-09,18.701818466186523,18.965313910630762,18.226239493357358,18.611842752158147,63103001
2021-09-10,18.515443801879883,19.06171732893404,18.37405616020645,18.958889321882587,40810093
2021-09-13,18.746801376342773,18.90746878571653,18.605412389491534,18.849629351643145,35205595
2021-09-14,18.631126403808594,18.868915921455365,18.57328556018254,18.701820922555527,27397073
2021-09-15,18.32906723022461,18.682536994813713,18.32906723022461,18.669684710400226,29908367
2021-09-16,18.316211700439453,18.419039687173697,18.09770205502475,18.200530041759,52599525
2021-09-17,17.879196166992188,18.3162155496629,17.879196166992188,18.296934343273847,49421346
2021-09-20,17.474308013916016,17.757084630563767,17.26222589863906,17.54500251528681,49865822
2021-09-21,17.4293212890625,17.70567177100619,17.3971878027788,17.557856623032784,38037755
2021-09-22,17.83420753479004,17.98845022905042,17.545004739909697,17.56428455587889,43868060
2021-09-23,18.451169967651367,18.605411226543296,17.87276316355385,17.949883792999813,56944126
2021-09-24,18.194107055664062,18.431897962808225,18.168401094186564,18.31621627523425,46899175
2021-09-27,18.6696834564209,18.84963209215007,18.014155886597347,18.271225167805383,66204022
2021-09-28,18.24551773071289,19.029580631590893,18.232664058392206,18.58613518628689,69369851
2021-09-29,18.57327651977539,18.618263666383402,18.245512824654853,18.41260774222246,59439332
2021-09-30,18.592554092407227,18.785356324514147,18.444739001497425,18.695382042119913,47356794
2021-10-01,19.078033447265625,19.206635470058224,18.60863863475134,18.724378926753023,48506222
2021-10-04,15.650803565979004,15.953016728098332,15.329300586367573,15.91443709311412,66781965
2021-10-05,16.03017234802246,16.319525052578836,15.650797288976976,15.817980272044082,55746545
2021-10-06,16.08161735534668,16.158778008161903,15.663662545504597,15.78583369492503,44244216
2021-10-07,15.740819931030273,16.235936680473174,15.689379969682731,16.158774654118353,43538924
2021-10-08,15.856565475463867,16.300240982972625,15.837275658915317,15.856565475463867,55105154
2021-10-11,15.580072402954102,15.953016749110468,15.573642926966958,15.80512629540143,48452065
2021-10-13,15.599363327026367,15.721534485014336,15.290719304565137,15.625082620064429,47860412
2021-10-14,15.522196769714355,15.824409811895398,15.329294502681545,15.708668173764607,41792857
2021-10-15,15.920867919921875,15.99159910946899,15.483623219146994,15.573644227822886,59503573
2021-10-18,16.03017234802246,16.107332976600457,15.670088488288117,15.805119935688495,32581454
2021-10-19,15.650803565979004,15.94015777614098,15.541492747448968,15.882286934108585,47718221
2021-10-20,16.06875991821289,16.1073409463692,15.631515213555765,15.785836547068584,42786725
2021-10-21,15.740819931030273,16.171634991844158,15.50933802063283,15.676519631956928,80104912
2021-10-22,15.13640308380127,15.605798056607982,14.73130844957058,15.509347548743948,105874771
2021-10-25,15.432186126708984,15.625088540140133,15.219993888801696,15.219993888801696,45016582
2021-10-26,15.264998435974121,15.425750615894575,15.097816780261507,15.232848277901239,32568991
2021-10-27,15.380741119384766,15.715105842163986,15.290720115089616,15.355021824983387,33442194
2021-10-28,15.348591804504395,15.419322994504835,15.033518272119418,15.219989767190519,41697345
2021-10-29,14.98851203918457,15.522208770238615,14.982082560786782,15.393606696273444,39933604
2021-11-01,15.585445404052734,15.68197036674881,15.218654161391441,15.257263033982548,40188416
2021-11-03,15.733444213867188,16.003711796607394,15.4503065475762,15.4503065475762,70258916
2021-11-04,14.903341293334961,15.913628633575263,14.813252064944693,15.752754614132863,81180809
2021-11-05,14.723156929016113,15.154298460637534,14.504369685345782,15.122123947780644,126468405
2021-11-08,14.64594554901123,14.916213268365482,14.562290658949932,14.671685729123848,37621718
2021-11-09,14.49793815612793,14.922645464683722,14.401414589543341,14.710291115101288,49238027
2021-11-10,14.864727020263672,15.141428953854785,14.427149735045726,14.49793450039109,54292566
2021-11-11,14.832551002502441,15.102819978069096,14.6845485169758,15.077079810756326,44943164
2021-11-12,14.800385475158691,15.057783108562388,14.64594578262893,14.819689915246375,41650213
2021-11-16,14.64594554901123,15.064217218098916,14.517246039057557,14.851864208693348,28013991
2021-11-17,14.703852653503418,14.916205553071055,14.581588947122576,14.75533159649215,33810419
2021-11-18,14.459327697753906,14.78107569652872,14.279150654043965,14.67811639254514,37668284
2021-11-19,14.337064743041992,14.465764227713285,14.214800997439289,14.414283877601115,32752424
2021-11-22,14.372581481933594,14.63958502404436,14.248848613698406,14.333507277971515,31671315
2021-11-23,14.613544464111328,14.613544464111328,14.26839371096858,14.489811520440425,43766770
2021-11-24,15.00428295135498,15.088943084935718,14.418177906684596,14.463763807692747,52266989
2021-11-25,15.141037940979004,15.297333435940159,15.010791929731289,15.043354488032833,20130804
2021-11-26,14.854491233825684,14.952176050634648,14.639586607092363,14.82193009732898,36577772
2021-11-29,14.756815910339355,15.101966679503859,14.717741680741256,15.02381962762729,38197962
2021-11-30,14.574470520019531,14.815424721147238,14.359564394753594,14.76983882923982,69161379
2021-12-01,14.481693267822266,14.937911929741903,14.468658247705983,14.703284384508917,27021256
2021-12-02,15.029152870178223,15.094326550222348,14.559899275314976,14.625072955359101,35524082
2021-12-03,14.97701358795166,15.381092077616758,14.87273485913913,14.970495375159153,40226598
2021-12-06,15.152982711791992,15.491887522171726,14.990048519357345,15.055222196331203,42204929
2021-12-07,14.963981628417969,15.40716526010555,14.859702878297947,15.394130240286795,34780267
2021-12-08,14.820597648620605,15.081295225141444,14.631593384494499,15.048706971753838,42979561
2021-12-09,14.423032760620117,14.853181274318658,14.30571901745517,14.84666447011158,31683098
2021-12-10,14.442588806152344,14.618559472371476,14.253584527706705,14.520797521661923,23448341
2021-12-13,14.058063507080078,14.612042788211157,14.058063507080078,14.468660362831548,54986869
2021-12-14,14.194933891296387,14.442595167567124,14.129758759306142,14.181898864898336,35664007
2021-12-15,14.149300575256348,14.31875296470915,13.934224926043218,14.279647917098693,35939779
2021-12-16,14.29268741607666,14.312240650229839,14.058061282108811,14.273135590353515,28503900
2021-12-17,13.979854583740234,14.240552229857958,13.895129045917795,14.097168383650171,39972240
2021-12-20,13.764776229858398,14.005920567084395,13.62791063914337,13.999403761615572,25313939
2021-12-21,13.784329414367676,13.888608160509795,13.706119298438612,13.810398044580731,28202409
2021-12-22,13.836470603942871,13.88861069072776,13.667018138752422,13.836470603942871,20497442
2021-12-23,13.908157348632812,14.058057929767777,13.797361818049023,13.901639135992767,25353141
2021-12-27,14.051545143127441,14.142788887884233,13.88861089065477,13.999406464022234,15891231
2021-12-28,13.999401092529297,14.142783461376272,13.947262433429406,14.09716160650273,17328328
2021-12-29,13.882091522216797,14.06457899656989,13.836469653628525,14.031992148782571,14565961
2021-12-30,13.653977394104004,13.973330362301512,13.653977394104004,13.973330362301512,45316940
2022-01-03,14.03077220916748,14.226459489343181,13.756810298844925,13.808994325354254,37222335
2022-01-04,14.428671836853027,14.467808450804636,13.97859090908861,14.102525869297494,49793763
2022-01-05,14.154707908630371,14.493899870084238,14.04381896084093,14.409101527316468,35851405
2022-01-06,14.441723823547363,14.50695248658286,14.037303011567708,14.115579098751894,40624734
2022-01-07,14.761343955993652,14.774389968500552,14.272126239882654,14.409107256778444,48590177
2022-01-10,14.898327827453613,14.924418445380095,14.552613396153111,14.722208755955835,47125888
2022-01-11,15.230992317199707,15.230992317199705,14.807003282982723,14.865709630442636,63361665
2022-01-12,15.16576099395752,15.328833995960812,14.957027664162702,15.172284703423413,47231371
2022-01-13,15.446247100830078,15.537567758959247,15.035302729631344,15.061394748987526,49188741
2022-01-14,15.328837394714355,15.557139084291695,15.270131044591935,15.374497732629823,33902872
2022-01-17,15.328837394714355,15.491910432874667,15.100535705137018,15.302746779918191,19948957
2022-01-18,15.420150756835938,15.628884033910444,15.17880316952174,15.257077796020411,49389056
2022-01-19,15.315787315368652,15.707161939175966,15.263604690015782,15.537566644757428,35038364
2022-01-20,15.191852569580078,15.439722510472453,15.120100225252196,15.354925566828037,29391946
2022-01-21,15.198381423950195,15.426683133537153,15.08096730379679,15.120105343847925,42676371
2022-01-24,15.178811073303223,15.361452433442604,14.917895045906649,15.230993714935414,44921297
2022-01-25,15.726733207702637,15.75282523009902,15.00269156795284,15.041828191929785,44585362
2022-01-26,15.89633560180664,15.9811325903511,15.53105138709081,15.870243570123053,63314645
2022-01-27,15.97460651397705,16.255092289028884,15.78544283630552,15.974606513977049,47070145
2022-01-28,16.170286178588867,16.183330775513642,15.739773601174491,15.759341906178784,33360845
2022-01-31,16.52252769470215,16.639940379336572,15.994172023464795,16.092016397199334,50129358
2022-02-01,16.63848114013672,16.76902933729566,16.436129177580565,16.507931532377906,32598902
2022-02-02,16.377391815185547,16.651544863891484,16.266424097423187,16.62543464670027,39095411
2022-02-03,16.566686630249023,16.664597824482627,16.129346859351067,16.449192068688266,47261735
2022-02-04,16.618911743164062,16.814734186786154,16.449196701730077,16.475306925120066,39194888
2022-02-07,16.527515411376953,16.677646971321764,16.468768156563776,16.612371460084944,26166974
2022-02-08,16.71028709411621,16.788617728615126,16.3382229279477,16.501409633919994,42299308
2022-02-09,16.044483184814453,16.58626074241822,16.037954928592793,16.285997631818617,100922428
2022-02-10,16.35128402709961,16.52099764285352,15.966163203418741,16.02491049552602,68333609
2022-02-11,17.31734275817871,17.624132824002725,17.082353662245165,17.19984821021194,182038996
2022-02-14,17.27817726135254,17.421782020860604,17.147629018818332,17.363034747480064,43043123
2022-02-15,17.44136619567871,17.55886075739868,17.29776282848806,17.493585217220616,33336032
2022-02-16,17.258594512939453,17.539274349952827,17.219429195621164,17.48052707927554,44408048
2022-02-17,17.017080307006836,17.284705065366207,16.94527792328096,17.232486047584032,38194109
2022-02-18,17.08235740661621,17.330400252826646,17.01055501038662,17.114994474738563,29924682
2022-02-21,16.66459846496582,17.154158686751106,16.46877606897242,17.121521620752205,25401293
2022-02-22,16.81720542907715,17.07191286255242,16.647400943878996,16.81720542907715,34318570
2022-02-23,16.582082748413086,17.0327172095432,16.542896468101404,16.830258289654463,25506096
2022-02-24,16.301259994506836,16.41228573112606,15.896340526607206,16.164110057028005,49889615
2022-02-25,16.634334564208984,16.65392700440366,16.203291000436096,16.242477292181167,44070414
2022-03-02,16.358301162719727,16.60664876285885,16.279875679114415,16.449797795648223,36789303
2022-03-03,16.37137794494629,16.89421562376377,16.142636283921856,16.364841661868855,50467105
2022-03-04,16.12303352355957,16.42366447296024,15.868149503291232,16.384452415894078,34369894
2022-03-07,15.776647567749023,15.979246894697178,15.698222067392773,15.861607937995752,59892079
2022-03-08,15.626338005065918,15.985788483812557,15.547912471745462,15.835472289808898,49265672
2022-03-09,16.404054641723633,16.541299634308913,15.789718904198388,15.82239749395757,58459174
2022-03-10,16.417116165161133,16.417116165161133,15.99884514987037,16.168768632540626,33553115
2022-03-11,16.2341365814209,16.724297191548683,16.194923111183453,16.489020607127802,48649207
2022-03-14,16.462881088256836,16.69162283930167,16.34524206990954,16.3517783555593,36267443
2022-03-15,16.404054641723633,16.626261425481147,16.142635809989894,16.41058951227492,41720798
2022-03-16,16.724292755126953,16.770041085434436,16.4301967495315,16.56744174045394,45741022
2022-03-17,17.09027671813965,17.116419020597917,16.639329768571532,16.756967304965734,49108185
2022-03-18,17.214462280273438,17.38438452356661,17.038003751275802,17.05107491034987,73408542
2022-03-21,17.639263153076172,17.70461751595026,17.227526712433033,17.27981133259984,40745625
2022-03-22,17.881072998046875,17.992177099915985,17.711150822189424,17.776505179288222,41741192
2022-03-23,17.802648544311523,18.064068812900334,17.75690020915864,17.900681498115922,30594059
2022-03-24,17.920284271240234,18.12288501323931,17.796110442983192,17.86146479210077,53835967
2022-03-25,17.952960968017578,17.98563814170673,17.730755621997716,17.98563814170673,36342901
2022-03-28,17.93989372253418,18.109815896741942,17.72422180400027,17.998713208285768,24411278
2022-03-29,18.149028778076172,18.35162671170787,17.900679689246,18.10981531805007,33838857
2022-03-30,18.188236236572266,18.273198005691093,17.98563552939164,18.19477110542731,37371325
2022-03-31,17.95949363708496,18.299337869883548,17.8353198371137,18.22091238634032,46340719
2022-04-01,18.01028060913086,18.232628792844725,17.872945995391998,18.11491421720682,45495048
2022-04-04,17.8467960357666,17.990668369164617,17.670224095773857,17.951431102439052,28469684
2022-04-05,17.487102508544922,17.833705692335148,17.408626609302964,17.807546588173924,41644661
2022-04-06,17.48056983947754,17.598283024819235,17.303997941601644,17.375934797763183,38196035
2022-04-07,17.467485427856445,17.5001850202089,17.271294939951492,17.336692711414447,26732002
2022-04-08,17.43478775024414,17.591739567063602,17.271294036757556,17.36938998220113,29650496
2022-04-11,17.369394302368164,17.480569829072245,17.290918374439666,17.39555341609174,30882294
2022-04-12,17.062023162841797,17.591737241122182,17.00970495532479,17.526339481725923,33798183
2022-04-13,17.10780143737793,17.356308691341805,16.98354781039599,17.186277337932747,38370517
2022-04-14,17.218982696533203,17.31053818758819,17.00971259890971,17.04895127217999,26768711
2022-04-18,17.317075729370117,17.369393955773294,17.14050524836491,17.160123876645,23802743
2022-04-19,17.009702682495117,17.402083533476127,16.839671357267747,17.343226264504825,39035022
2022-04-20,17.12088394165039,17.166660262728502,16.91161389526083,17.016248918455613,28485092
2022-04-22,16.78736114501953,17.01624982886609,16.650027934711595,16.93777391058185,34773809
2022-04-25,16.721967697143555,16.774285931703396,16.408063942754207,16.676189948524904,42282427
2022-04-26,16.15300941467285,16.676183064858858,16.120309824949615,16.519231252451426,47838319
2022-04-27,16.022220611572266,16.414601686022138,15.956824236911391,16.34266482594979,27688480
2022-04-28,15.891425132751465,16.081076582098763,15.734473281268466,16.02875976935183,41170160
2022-04-29,15.610212326049805,16.316496741203576,15.610212326049805,15.99605270298213,50954295
2022-05-02,15.543231964111328,15.759200739522003,15.34035100539068,15.621765935689071,44535284
2022-05-03,15.62176513671875,15.81155544046757,15.497419570222977,15.575953537784125,29699668
2022-05-04,15.60213565826416,15.60213565826416,15.314176766800495,15.54977872475016,53745441
2022-05-05,15.242176055908203,15.438511591026996,14.986939718825095,15.438511591026996,45795293
2022-05-06,15.569411277770996,15.850824809176236,15.229095496600882,15.235639405303871,68490643
2022-05-09,15.346895217895508,15.641397943580877,15.058936400081791,15.53668551762249,63819963
2022-05-10,15.268363952636719,15.536688265721313,15.163651508156997,15.438521144558388,40331174
2022-05-11,15.778834342956543,15.850824408306758,15.294539853980186,15.301085176805238,64249824
2022-05-12,16.027523040771484,16.14532610498847,15.661030275912458,15.661030275912458,61754278
2022-05-13,16.21731948852539,16.30894270653958,16.034073052497018,16.158418646332304,29721422
2022-05-16,16.387468338012695,16.564170774519575,16.112598824082237,16.26312280756135,30939624
2022-05-17,16.531450271606445,16.767053546736918,16.498727908791032,16.596894997237268,30953220
2022-05-18,16.29585838317871,16.60344906473425,16.25659067519763,16.479103444226247,43092975
2022-05-19,16.24349594116211,16.44637549467425,16.158416643144474,16.30894068469101,25636391
2022-05-20,16.446378707885742,16.51182487848877,16.263132258772977,16.420201653932388,43072014
2022-05-23,16.87177085876465,17.015749579845927,16.544544306953625,16.5510882157033,43627637
2022-05-24,17.127004623413086,17.21208391640088,16.721245540377065,16.806323419077362,44474328
2022-05-25,16.819416046142578,17.10083102922237,16.793237579277534,17.048474095492278,32876147
2022-05-26,17.02884292602539,17.127010066714607,16.83250723035901,16.83905114068978,39868230
2022-05-27,17.120464324951172,17.290621532516305,16.93067255991821,17.05501815720474,27475589
2022-05-30,16.963394165039062,17.303709978977285,16.963394165039062,17.192453620300725,20339502
2022-05-31,17.120464324951172,17.277532298967017,17.028841104393962,17.146642792049743,75013550
2022-06-01,16.883159637451172,17.23680179296188,16.883159637451172,17.217153984425195,32284608
2022-06-02,16.955196380615234,17.079625893184918,16.69323928858818,17.040333107764088,20319901
2022-06-03,16.798025131225586,17.001041662785944,16.75218259730922,16.863514061036838,22647423
2022-06-06,16.739084243774414,17.014139442597354,16.739084243774414,16.929002703095872,15100624
2022-06-07,16.739084243774414,16.824219568033453,16.614653297908614,16.68014364184915,23796625
2022-06-08,16.41818618774414,16.75218198189977,16.326501123279552,16.66704524407876,33085526
2022-06-09,16.136579513549805,16.45092887865728,16.0579925260835,16.41163609254526,43419279
2022-06-10,15.782937049865723,16.07109027503226,15.625763078044784,16.07109027503226,40198953
2022-06-13,15.593016624450684,15.802582855927476,15.344157609098351,15.717446132126847,38005578
2022-06-14,15.488229751586914,15.678148112459624,15.363800285464556,15.599561155710857,22637566
2022-06-15,15.553728103637695,15.815685257161443,15.462043029142254,15.66505957545571,48238381
2022-06-17,15.357254028320312,15.442389327747529,15.010160260022513,15.285215378618801,51504593
2022-06-20,16.025245666503906,16.051441796817837,15.442389550850217,15.442389550850217,50406830
2022-06-21,15.854985237121582,16.143137220194472,15.776396788745613,16.084198006777118,37577078
2022-06-22,15.737104415893555,15.927022966623962,15.599576750289186,15.894278486514796,41717966
2022-06-23,15.376907348632812,15.802588283352415,15.298320338648724,15.756745742924807,30701240
2022-06-24,15.350707054138184,15.540626907527415,15.259023413328363,15.514430772871876,30073785
2022-06-27,15.442397117614746,15.501337732080927,15.34416370366627,15.409652646298587,26288885
2022-06-28,15.272120475769043,15.61266598971451,15.075652291058054,15.54062732509727,39383080
2022-06-29,15.114949226379395,15.50788566683127,15.062558361432348,15.370358054197371,34774375
2022-06-30,14.84643840789795,14.983965984213855,14.754753357020679,14.94467319969057,41362317
2022-07-01,14.975983619689941,15.054631859070131,14.576186160293885,14.628619264110892,39467601
2022-07-04,14.831794738769531,14.943214381753762,14.75314649547474,14.858011291982926,9918395
2022-07-05,14.936654090881348,14.936654090881348,14.55651987322726,14.746587690226741,32430425
2022-07-06,14.799022674560547,14.989090534114458,14.648281055642528,14.818685794878492,31863245
2022-07-07,15.008745193481445,15.107055083547003,14.89077219232715,14.936650424293317,45776032
2022-07-08,15.015303611755371,15.24469482621422,14.930100553665714,15.225033126787709,25028649
2022-07-11,14.772807121276855,14.884225329080918,14.635170948346044,14.805577099081278,18746051
2022-07-12,14.740034103393555,14.884223689463544,14.490981166439026,14.766250649287189,22335508
2022-07-13,14.681052207946777,14.903890085548271,14.60895880854682,14.667945347216198,38407906
2022-07-14,14.517200469970703,14.615510411228957,14.182944403540217,14.563078725826943,54813633
2022-07-15,14.779358863830566,14.877668786025707,14.431994589320084,14.549967629030245,35260546
2022-07-18,14.975983619689941,15.07429498117417,14.733484055399586,14.864565398596783,23331189
2022-07-19,15.480642318725586,15.57895225030423,14.962873279849756,14.962873279849756,39625655
2022-07-20,15.284025192260742,15.506863080605934,15.231593497774204,15.401998275287344,33584725
2022-07-21,15.40854549407959,15.487195128620403,15.041519531602228,15.257802485727112,24553356
2022-07-22,15.244695663452148,15.533073408373088,15.133276055778072,15.467532046110412,25588351
2022-07-25,15.467531204223633,15.572395961791255,15.198816590779915,15.336451319522755,36454048
2022-07-26,15.38233470916748,15.664157688644588,15.284023346403245,15.487199501821507,24585080
2022-07-27,15.434762954711914,15.598614245209594,15.336453030220321,15.480641202743662,27262812
2022-07-28,15.533069610595703,15.552731306294824,15.264353631881146,15.43475829941091,26772676
2022-07-29,15.480642318725586,15.716588420666534,15.382332387146942,15.559290547257527,33518445
2022-08-01,15.393837928771973,15.643077172955307,15.242982149164845,15.643077172955307,28369526
2022-08-02,15.557812690734863,15.63651975044804,15.334808173710371,15.498782041598833,24247559
2022-08-03,15.669309616088867,15.702104096507064,15.43974683575732,15.544690023538053,22712684
2022-08-04,16.04973030090332,16.115319270569387,15.72178261776426,15.774254927420605,38418670
2022-08-05,16.3514404296875,16.482618357792056,15.892313429108818,16.06284558608729,64015406
2022-08-08,16.554773330688477,16.58756782511944,16.25306171407599,16.449830098066535,46382867
2022-08-09,16.9876651763916,17.236904480226432,16.587568639439827,17.0794903322681,117640069
2022-08-10,17.302480697631836,17.381189130904257,16.987652634157374,17.158184738106677,55029810
2022-08-11,17.328723907470703,17.564845051349874,17.269693267149815,17.466461595751316,45877889
2022-08-12,17.538604736328125,17.57139921109895,17.295923922139316,17.440219894611722,43155063
2022-08-15,17.689462661743164,17.781287769522304,17.27624967673704,17.27624967673704,41430750
2022-08-16,17.89279556274414,17.93870813275219,17.466464353040177,17.669791043817362,29105976
2022-08-17,17.938703536987305,18.023970324045212,17.709140745759374,17.76161305084247,28593294
2022-08-18,17.88623046875,18.050202858633746,17.78128728878196,17.958379170741292,37051026
2022-08-19,17.671634674072266,17.84410670984863,17.492531193597017,17.777770760120827,26106699
2022-08-22,17.472637176513672,17.538971715698345,17.30016508100723,17.512437326617906,24991487
2022-08-23,17.519073486328125,17.611942431976335,17.432838855950042,17.47927332877415,16685011
2022-08-24,17.59203338623047,17.678269406169232,17.479264419285595,17.479264419285595,22899063
2022-08-25,17.810941696166992,17.82420745426829,17.59866949732065,17.651736830274178,31242248
2022-08-26,17.70480728149414,18.00331410398473,17.618571244532998,17.844110656458582,28445551
2022-08-29,17.645103454589844,17.764505308753666,17.45936564420604,17.605301880857855,21271281
2022-08-30,17.565505981445312,17.844114220538035,17.505805751836014,17.718076579763206,34434249
2022-08-31,17.121063232421875,17.684911171826652,17.121063232421875,17.684911171826652,56502823
2022-09-01,17.38501739501953,17.39829366450195,16.953545092077327,17.2987223606323,54988228
2022-09-02,17.623987197875977,17.763387320124778,17.47795109215863,17.491227362586947,52927981
2022-09-05,17.909421920776367,18.075373135438582,17.657177107327612,17.683728211455882,28039710
2022-09-06,17.74348258972168,17.935985021876558,17.623996095542758,17.723567456776294,60187679
2022-09-08,17.617345809936523,17.922695657487672,17.58415585859344,17.85631575480151,32229771
2022-09-09,17.75675392150879,17.949257750099818,17.670460288965927,17.723563952492494,27710574
2022-09-12,17.975811004638672,18.135123435968694,17.83641083410294,17.922705904530282,30293474
2022-09-13,17.78993797302246,18.035545383443175,17.72355805706996,17.843043053382097,36812756
2022-09-14,17.72356414794922,17.849688039898563,17.57088914119254,17.750116697254082,32836152
2022-09-15,17.77002716064453,17.99572091970019,17.663818417235827,17.67709468947407,24907645
2022-09-16,17.710285186767578,17.836407625087478,17.564249056738564,17.65718153071084,49605006
2022-09-19,18.37408447265625,18.45374208982568,17.643901124578957,17.663814811622824,46524605
2022-09-20,18.984792709350586,19.02462153565314,18.433836603066446,18.467025139905484,71309887
2022-09-21,18.78564453125,19.03789080264453,18.705988342466444,18.984785720457435,54495600
2022-09-22,19.164018630981445,19.250312262150022,18.79228725422549,18.97815365985221,49376706
2022-09-23,18.78564453125,18.951595761339043,18.573227071495793,18.852024449486784,38830402
2022-09-26,18.380727767944336,18.70599142927455,18.347537803349034,18.67280146467925,16535115
2022-09-27,18.27451515197754,18.367447606970284,18.20149638462695,18.28779142190465,43896612
2022-09-28,18.26787757873535,18.586503775802555,18.12848032098378,18.30770639130517,47539207
2022-09-29,18.5400390625,18.659524075491834,18.161670332858268,18.22805169257442,58853685
2022-09-30,18.626338958740234,18.679442625831452,18.39400772553314,18.460387668021564,38351030
2022-10-03,19.760587692260742,19.780513912170377,18.930310826095173,19.122934301154494,80831732
2022-10-04,19.793804168701172,20.066135471678532,19.528115897850203,19.90672136084779,49601833
2022-10-05,19.793804168701172,19.979786101836872,19.70081320213332,19.8402996519851,34375446
2022-10-06,19.435131072998047,19.886802888476844,19.355426139608653,19.860233620413208,55358719
2022-10-07,19.474979400634766,19.474979400634766,19.029950747255903,19.395273054659516,63511108
2022-10-10,19.26906967163086,19.62110732050653,19.122940186255946,19.5812534330224,54805929
2022-10-11,19.136228561401367,19.362064430552472,19.076448436173116,19.196008686629614,36485999
2022-10-13,19.023298263549805,19.242490948396405,18.830673388557663,18.930307340560365,42127432
2022-10-14,19.029951095581055,19.375347181663088,18.90374925919354,19.0963742479432,45494368
2022-10-17,19.182720184326172,19.32884966882157,19.063159957993616,19.222574071570435,23093825
2022-10-18,19.65432357788086,19.65432357788086,19.29564423353831,19.46169855519649,52346412
2022-10-19,19.66096305847168,19.767238674124005,19.468339491939666,19.634395231108954,32142870
2022-10-20,19.96649932861328,20.092702571458645,19.674241831445155,19.79380204287758,77600529
2022-10-21,20.630722045898438,20.776851522054905,19.80708800845337,19.880152746531603,55808067
2022-10-24,19.694171905517578,20.517807483757128,19.554685443373828,20.464670399064413,57756261
2022-10-25,19.534751892089844,19.773872272057112,19.534751892089844,19.694164521801497,29513856
2022-10-26,19.116296768188477,19.481619011421706,19.04987506410974,19.26242480424171,55085780
2022-10-27,19.468332290649414,19.680883443331894,19.202644067496283,19.335487461372878,44860228
2022-10-28,19.621109008789062,19.69417232236296,19.328851448292404,19.401916197266658,32422834
2022-10-31,20.192337036132812,20.30525422684481,19.229215092859295,19.262425946868696,94899400
2022-11-01,20.24393653869629,20.79556082820205,19.991386351324298,20.602825461256813,47491734
2022-11-03,20.097726821899414,20.164187105646747,19.59927038509297,19.938220130178472,36849352
2022-11-04,20.17083168029785,20.556303867003862,20.104371404179673,20.396797193593116,35511052
2022-11-07,19.712257385253906,20.15089905437385,19.539459761275637,19.98474544898479,52676342
2022-11-08,19.65244483947754,19.712259684800454,19.406540002587416,19.572692191125046,31659758
2022-11-09,18.70869255065918,19.32013015256858,18.509310318057537,19.04764220245863,147203325
2022-11-10,18.35646629333496,18.575786506323848,17.917824431122533,18.183667157055567,99105549
2022-11-11,17.764955520629883,18.741927717427078,17.685201457180725,18.609005714578956,111377525
2022-11-14,17.711788177490234,18.143782941027364,17.54563601392196,17.977630777459087,59148831
2022-11-16,17.45924186706543,17.738376875525503,17.286442773627414,17.71179217865284,50719991
2022-11-17,17.56557846069336,17.57222391650775,17.146874529828246,17.213336269143316,77606874
2022-11-18,17.70514488220215,18.04409616900639,17.538994121126095,17.738376470651623,56028889
2022-11-21,17.758304595947266,18.037439445899636,17.5190453324261,17.944394495915514,43986685
2022-11-22,17.465885162353516,17.91117231682706,17.33961002218209,17.81148043400522,64036253
2022-11-23,17.286436080932617,17.42600353112709,17.180098770846293,17.33960545409265,55607979
2022-11-24,17.90452766418457,18.03744971249021,17.352904538866767,17.41271938879259,30856235
2022-11-25,17.273147583007812,17.824772053060755,17.206687287996058,17.798187360562427,46086134
2022-11-28,16.960786819458008,17.419366419519587,16.940849013091896,17.346259214531273,45835061
2022-11-29,17.106992721557617,17.352897477302616,16.562013837888312,16.97407072734307,77138265
2022-11-30,17.279787063598633,17.306371744695788,16.900960384781207,17.146865094346293,60017162
2022-12-01,17.278228759765625,17.358035565433987,17.018855563436333,17.032156937249308,50130944
2022-12-02,17.511003494262695,17.723822652938512,17.012209758849245,17.338088466792286,63158518
2022-12-05,16.99890899658203,17.384643196679146,16.91910216849468,17.384643196679146,37424462
2022-12-06,17.391284942626953,17.391284942626953,16.99890095791577,17.105310490781847,53504452
2022-12-07,17.264928817749023,17.511000660672302,17.21837472414758,17.437843817238722,25238368
2022-12-08,16.659725189208984,17.191771549445384,16.55996703561825,17.158518831581805,69736150
2022-12-09,16.50113868713379,16.833467200257775,16.453663185258932,16.738516196508066,22514069
2022-12-12,16.345151901245117,16.616440346343378,16.06708040226746,16.494360033069718,101446780
2022-12-13,15.727970123291016,16.501142993555593,15.680493143370594,16.446884425449703,63557901
2022-12-14,15.795791625976562,15.985693680129197,15.341382720495469,15.53806782838528,76898069
2022-12-15,15.883960723876953,16.223070899443623,15.497373570136132,15.626235466164577,55898707
2022-12-16,16.060298919677734,16.175596179830347,15.863613806370335,15.951783247793577,64978909
2022-12-19,16.54184341430664,16.602883599971978,16.03996021174233,16.1349112859648,54924554
2022-12-20,16.718172073364258,17.07762994016412,16.474012925474366,16.541834666723425,44636914
2022-12-21,16.785993576049805,16.955549377613558,16.568962267300627,16.7792119888756,69855681
2022-12-22,16.81991195678711,17.02337871642237,16.596098960885115,16.813130366583525,25305328
2022-12-23,17.08441162109375,17.301442934440665,16.867380307746835,16.975895964420292,28695830
2022-12-26,16.745304107666016,17.077632746311345,16.650353068053064,16.92164154328211,17822996
2022-12-27,16.65035057067871,16.77243087920054,16.460448519936083,16.724955366514884,19491678
2022-12-28,16.989463806152344,17.091196429022748,16.63000590049678,16.785997094755903,25715021
2022-12-29,16.95555877685547,17.28110592044491,16.92842948180898,17.11833161582212,28098060
2023-01-02,16.62139320373535,16.64854165672219,16.3159782410524,16.580671990946232,26445013
2023-01-03,16.275259017944336,16.729987594264053,16.173453040143286,16.621395235732216,33847015
2023-01-04,16.32276725769043,16.64175646973253,16.207388524262512,16.32955363807803,33855739
2023-01-05,16.83179473876953,16.906452265439714,16.302408604259885,16.356704053943663,41153732
2023-01-06,17.123638153076172,17.177933606423856,16.831795874594263,16.920027636312206,42632750
2023-01-09,17.245800018310547,17.41547566120887,16.892875971770327,16.96753348931619,29083430
2023-01-10,17.578367233276367,17.646236912676287,16.913238801729722,17.05576600848441,35564190
2023-01-11,17.883777618408203,17.97200788540383,17.483343093757647,17.564788447941222,38743614
2023-01-12,17.632661819458008,17.856632923856306,17.239015058182584,17.30688473425689,57811778
2023-01-13,17.5444278717041,17.57157632541302,17.062550885172286,17.38154008283295,23525385
2023-01-16,17.354394912719727,17.544431191256237,17.164358634183216,17.476561510833616,27737426
2023-01-17,17.7141056060791,17.74804044389019,17.30009823807766,17.41547697997363,36595560
2023-01-18,18.033090591430664,18.080598175952403,17.781971111208094,17.897349816527072,45007971
2023-01-19,18.033090591430664,18.094173866802738,17.6733787846234,17.802331714101822,40213569
2023-01-20,17.7141056060791,18.107752364732164,17.666596539805308,18.09417960296081,37996401
2023-01-23,17.171142578125,17.761611890271027,17.103271446442434,17.673381619120374,52002547
2023-01-24,17.32724380493164,17.66659508854856,17.198290845166053,17.300096816927624,34378279
2023-01-25,17.388330459594727,17.476560746949385,16.981109461475324,17.327245696516286,43609396
2023-01-26,17.286521911621094,17.469771773590313,17.130420503282387,17.40868848626724,33862197
2023-01-27,16.92002296447754,17.279734826995888,16.84536545338329,17.245798527995873,34365362
2023-01-30,16.92681312561035,17.00825850137545,16.64854509180819,16.96074796550009,39913324
2023-01-31,17.191505432128906,17.36796746419431,17.02861762817489,17.04219038959496,32928039
2023-02-01,16.965778350830078,17.318948430797285,16.829942914381462,17.108404898629956,31850216
2023-02-02,17.12198829650879,17.638161184938017,16.775609333810895,16.84352631701795,52480220
2023-02-03,17.060869216918945,17.22387062859652,16.863909300118067,16.911451500833547,41535326
2023-02-06,17.067657470703125,17.14236705008332,16.789195427013148,17.14236705008332,31860299
2023-02-07,16.673736572265625,17.16953478359805,16.476776684491526,17.11520000923688,34547549
2023-02-08,18.052465438842773,18.07284024963893,17.196705772831876,17.284997598091458,120349072
2023-02-09,17.604206085205078,18.249422006922963,17.515914276205972,18.100004309078425,40856546
2023-02-10,17.52269744873047,17.644949171021743,17.325737645228685,17.468364165330694,59102038
2023-02-13,18.140748977661133,18.222251119045442,17.509118389785446,17.509118389785446,49663922
2023-02-14,17.916627883911133,18.256215852644598,17.869085685705585,18.16792256981392,39640950
2023-02-15,18.181499481201172,18.38525189287872,17.740036167185426,17.848704217927697,41791724
2023-02-16,18.317340850830078,18.398841548384414,17.943794397015747,18.059253596241543,34692120
2023-02-17,18.256208419799805,18.4395860243811,18.133956683412272,18.310541709464484,21326685
2023-02-22,17.916627883911133,18.00492116674181,17.835127182375075,17.86229457212516,20794515
2023-02-23,17.98453712463379,18.37845970276694,17.903036458290693,17.93699494695752,43189053
2023-02-24,17.434417724609375,17.869088695247765,17.35291700934683,17.828337603759273,35419959
2023-02-27,17.210283279418945,17.522703808572174,17.169533669007457,17.515912696074913,20098513
2023-02-28,17.271411895751953,17.543081389768297,17.101617911598915,17.25103708732213,29465137
2023-03-01,16.991151809692383,17.229027779342395,16.57656671795993,17.208638830153202,49786059
2023-03-02,16.4338436126709,17.12708114621013,16.33869175024309,16.923188704349307,52237191
2023-03-03,16.454233169555664,16.71249811375112,16.372674427325858,16.54258627053849,29015336
2023-03-06,16.828044891357422,17.018345769774687,16.386274785212535,16.610559222261706,35169906
2023-03-07,16.875619888305664,16.909600506064546,16.515405659032872,16.889211547915824,31883639
2023-03-08,17.0863037109375,17.21543618179475,16.82803730049003,16.98435601849606,40035234
2023-03-09,16.76008415222168,17.045535528447605,16.72610205534725,16.991164467195304,47884998
2023-03-10,16.35908317565918,16.72609164980937,16.236746528031446,16.685312277689118,37246581
2023-03-13,16.1619873046875,16.359085427297455,15.951297524899744,16.155190007365384,38429660
2023-03-14,16.10761833190918,16.27753022444959,15.951299567020016,16.0124679070839,43849139
2023-03-15,16.066835403442383,16.148392682618955,15.645454414174838,15.883330423745287,57389962
2023-03-16,16.331893920898438,16.413451181391334,15.985274462254061,16.08042484428457,45421743
2023-03-17,15.862943649291992,16.257138443383628,15.835758864989085,16.243545316865532,68565874
2023-03-20,15.903719902038574,16.216357344287715,15.75419700847029,15.903719902038574,36932854
2023-03-21,16.229957580566406,16.41346116106566,15.971691051786749,15.971691051786749,43704795
2023-03-22,16.134801864624023,16.481421452227544,16.094023953572602,16.277528959503865,41241539
2023-03-23,15.73381233215332,16.48142259693135,15.557103142879674,16.14160028338984,59823759
2023-03-24,15.96203899383545,16.099524805409658,15.632073937385043,15.920792804699337,34011300
2023-03-27,16.237001419067383,16.346989718974466,16.072019711979486,16.154510565523434,44616067
2023-03-28,16.312625885009766,16.44323658481483,16.15451772665223,16.250757346039762,32135279
2023-03-29,16.47072410583496,16.553214946175807,16.2095013782862,16.326364763852176,25802715
2023-03-30,16.92443084716797,17.04816789707275,16.649460780581833,16.718202925841926,43270629
2023-03-31,17.006929397583008,17.247528479158554,16.83507100075521,17.006929397583008,65512439
2023-04-03,16.530643463134766,16.991547924742818,16.379300989600726,16.977789382911872,38304803
2023-04-04,16.86085319519043,16.99843571525958,16.592565199805556,16.606323749133903,25918394
2023-04-05,16.84708023071289,17.067213877820357,16.633828082899445,16.90211438579277,36165246
2023-04-06,16.79204750061035,16.9709070173575,16.6682221387411,16.895235797703403,24650907
2023-04-10,16.970911026000977,17.025943707271946,16.86084417685267,16.950272469743787,16023452
2023-04-11,17.521249771118164,17.624438127838392,17.20480765753289,17.335511620985883,54871529
2023-04-12,17.638193130493164,17.899602513513912,17.45245500202632,17.638193130493164,47390217
2023-04-13,17.638193130493164,17.82393125896001,17.507489182286143,17.720742914276194,40614537
2023-04-14,17.89272689819336,17.975278188885657,17.500614957136765,17.57628623030117,38988116
2023-04-17,17.858322143554688,18.05093875018235,17.693222619761347,17.920234836628765,24167003
2023-04-18,17.844572067260742,18.0509458094063,17.665712445496894,17.892724751142524,27411575
2023-04-19,17.562511444091797,17.782645061161876,17.534995856912406,17.71385386330466,31036155
2023-04-20,17.610671997070312,17.665706164694658,17.342385633023905,17.466211023572317,24745399
2023-04-24,17.452451705932617,17.734499596586204,17.321747782410515,17.60379418645768,28674303
2023-04-25,17.610671997070312,17.69322324850683,17.33550561876768,17.33550561876768,25980256
2023-04-26,17.43181800842285,17.651951757267714,17.404302404772277,17.562521957234893,19299068
2023-04-27,17.741378784179688,17.74825731236548,17.424936755503477,17.424936755503477,23660439
2023-04-28,17.8308048248291,17.83768483874982,17.548759932630634,17.83768483874982,23245081
2023-05-02,17.14080810546875,17.87738069413927,17.113272264503575,17.712167135967945,49467233
2023-05-03,17.113269805908203,17.29913298667161,16.989360026986265,17.17522320774967,26517638
2023-05-04,17.25094223022461,17.402386312244214,16.87921300708558,17.202753786378544,45003213
2023-05-05,17.891149520874023,17.891149520874023,17.223416445272406,17.4505834445812,49402765
2023-05-08,18.13896369934082,18.290409311805757,17.767235858702428,18.207801802668808,59838715
2023-05-09,18.24910545349121,18.441853331809384,18.05635757517304,18.09077662664136,43258053
2023-05-10,18.51758575439453,18.613959743603758,18.097669240594133,18.214695861505504,35088896
2023-05-11,18.69655418395996,18.82046394665756,18.317941681325873,18.42120031278031,35897745
2023-05-12,18.52445411682129,18.620828028739773,18.359242121423613,18.455616033342096,20136809
2023-05-15,18.593292236328125,18.655247106627062,18.386776497871352,18.551989981208198,20327832
2023-05-16,18.531343460083008,18.806697350598544,18.469388574383615,18.607064775831677,29875057
2023-05-17,18.717205047607422,18.875533855986472,18.551993024785492,18.655250167144377,27183049
2023-05-18,18.648366928100586,18.68278597550814,18.42120002511529,18.65525014253438,26807799
2023-05-19,18.49692726135254,18.586418003383216,18.29041291073361,18.524463103149632,55195001
2023-05-22,18.145843505859375,18.682784776285715,18.10454124666916,18.49692014707217,29853077
2023-05-23,18.290409088134766,18.56576298569892,18.0770085902365,18.235337416050264,31465336
2023-05-24,18.187150955200195,18.379898837645236,18.070124392558927,18.173383036794196,32566612
2023-05-25,18.758512496948242,18.834233821231898,18.366132005831084,18.496925006996943,51557618
2023-05-26,18.61394691467285,19.109584444381653,18.441850198947204,18.86176493571765,33629706
2023-05-29,18.531343460083008,18.620832693500365,18.379897853346844,18.55887780780097,11247177
2023-05-30,18.269752502441406,18.717203046735953,18.0425856234406,18.641481745481773,48896654
2023-05-31,18.125194549560547,18.283523366552192,18.03570531883877,18.23533639997297,38429660
2023-06-01,18.392229080200195,18.53688697140925,18.123578285492673,18.233794034311593,28928095
2023-06-02,18.660877227783203,18.75042797618838,18.50244220436928,18.598880784828427,28470477
2023-06-05,18.702213287353516,18.79176256917367,18.481781766751,18.702213287353516,27870213
2023-06-06,18.833091735839844,18.908865340902125,18.70221100167064,18.826202414315578,29698762
2023-06-07,18.888198852539062,19.02596890814203,18.722875976709453,18.943307470227225,31760369
2023-06-09,19.14995765686035,19.14995765686035,18.82619831968973,18.991522648287972,33168008
2023-06-12,18.94330406188965,19.315281209887715,18.888195454116797,19.23950761850863,33613277
2023-06-13,19.15684700012207,19.218843442162015,18.970859162619476,19.03974343661175,37732299
2023-06-14,19.41861343383789,19.43927842205064,19.129297644389332,19.26706621729769,56524690
2023-06-15,19.673480987548828,19.701035291129376,19.342833810433717,19.356612450841148,30322705
2023-06-16,19.73548126220703,19.866361996727694,19.459942638697623,19.625267003697225,47145602
2023-06-19,20.004131317138672,20.04546277902297,19.65970693395504,19.687261241877906,18433003
2023-06-20,19.994604110717773,20.029365007786257,19.716515431775573,20.029365007786257,28148931
2023-06-21,20.189268112182617,20.27964765442644,19.94594030890437,19.980701209030627,29839027
2023-06-22,19.994604110717773,20.16145701760423,19.85555902004952,20.07107898570503,27091956
2023-06-23,19.932039260864258,20.05717972591484,19.799947215486295,20.05717972591484,18796809
2023-06-26,19.90423011779785,20.119750143454525,19.765186490813907,19.90423011779785,15397130
2023-06-27,19.681753158569336,20.043269795668166,19.45233003453015,20.008508898376693,29488704
2023-06-28,19.570528030395508,19.72347635040533,19.466243787411294,19.674810770984703,21198769
2023-06-29,19.80689811706543,19.848610599225758,19.612234358203914,19.626139019722203,70141424
2023-06-30,19.758235931396484,20.105846519213266,19.709568856563646,20.00156229119187,31561301
2023-07-03,20.146160125732422,20.18094412892958,19.72876862397454,19.853985322837907,19990991
2023-07-04,20.020944595336914,20.187901205784033,19.98616209343777,20.083553700086604,9245166
2023-07-05,20.194852828979492,20.313115114390627,19.937462068757522,19.979200460867997,19998696
2023-07-06,19.89572525024414,20.111379155034832,19.89572525024414,20.055725952510265,32074550
2023-07-07,20.271381378173828,20.493989694989416,19.930509245456722,20.013987552178584,31476099
2023-07-10,20.139209747314453,20.43138613362349,20.069644728508134,20.43138613362349,15000240
2023-07-11,19.784423828125,20.076598682781466,19.547902185781158,20.04181617675021,31780310
2023-07-12,19.666162490844727,19.930510732407466,19.617466683013262,19.82616321705214,20884135
2023-07-13,19.88181495666504,20.027902380395215,19.58964010920469,19.63138001741112,24777803
2023-07-14,19.673110961914062,20.02789478547994,19.589632680485796,19.930503206592352,27914740
2023-07-17,20.055727005004883,20.055727005004883,19.589638174378,19.638333977478478,18054808
2023-07-18,19.666162490844727,20.132251366753945,19.596597480607844,20.055728953496438,44289196
2023-07-19,19.45745849609375,19.763546528430037,19.401805306581164,19.666154950110656,44539023
2023-07-20,19.819204330444336,19.819204330444336,19.269635721081453,19.554854625393027,42807912
2023-07-21,20.17399024963379,20.17399024963379,19.777467877893173,19.826163686878594,36214305
2023-07-24,19.853986740112305,20.34790218216522,19.714856730703897,20.173988167076608,37238424
2023-07-25,19.89572525024414,20.139204252969115,19.70094204806416,20.139204252969115,39541700
2023-07-26,20.00702667236328,20.03485326878599,19.707896022466244,19.888765892558375,38028465
2023-07-27,19.561805725097656,19.979198627875263,19.540936530957065,19.979198627875263,22188332
2023-07-28,19.853986740112305,19.881813343325227,19.52007351486964,19.61050922364759,18444673
2023-07-31,19.923551559448242,20.09050815791853,19.819204061236306,20.02789905766018,17263407
2023-08-01,19.984561920166016,19.998483799306563,19.685245279281524,19.720050729260343,16807601
2023-08-02,19.921905517578125,20.012396940352588,19.706118741501868,19.97063132116724,20784091
2023-08-03,19.768779754638672,20.276921695054174,19.685249964171053,20.075056655856777,24826182
2023-08-04,19.406814575195312,19.86622912156784,19.281519151910047,19.72005313340848,50087777
2023-08-07,19.253681182861328,19.68525360165539,19.22583891706421,19.44162437433347,37391152
2023-08-08,19.211912155151367,19.497306965105658,18.87083132348303,19.04485108149891,50438327
2023-08-09,19.142303466796875,19.21191136714816,18.738574937100246,19.142303466796875,39723999
2023-08-10,19.204946517944336,19.44857713763975,19.156220694856223,19.24671215384337,34693139
2023-08-11,19.23975372314453,19.351127258121597,19.114458308263462,19.232792031065035,22008185
2023-08-14,18.961318969726562,19.225831677107017,18.91259314261108,19.128380022876055,28513531
2023-08-15,18.85690689086914,19.044848504950988,18.703767719426942,19.003084370379447,28083444
2023-08-16,18.842985153198242,19.156222181864138,18.787299138598407,18.829063273484543,38445182
2023-08-17,18.620235443115234,19.030925571478882,18.61327525637388,19.017003693741415,43034739
2023-08-18,18.76641273498535,18.919551884471883,18.47405781787987,18.585431334527875,23685478
2023-08-21,18.689849853515625,18.849949234130936,18.599358376035614,18.696810042127094,37088868
2023-08-22,18.98220443725586,19.037890457696992,18.745535465807016,18.79426129778868,24097210
2023-08-23,19.218875885009766,19.295443984950044,18.870833323579102,18.982206883066702,27395600
2023-08-24,18.99612808227539,19.211913499871876,18.89171471590239,19.211913499871876,21142233
2023-08-25,18.696807861328125,19.003084705356468,18.564552259095315,18.96828075784836,25293885
2023-08-28,19.33025360107422,19.483391338139242,18.599364365758063,18.71073794919428,38836520
2023-08-29,19.63652229309082,19.901035026489602,19.413775203151356,19.490344797365882,40091091
2023-08-30,19.260635375976562,19.733971761241634,19.19798766988553,19.706128002033406,19884943
2023-08-31,19.093576431274414,19.23975543111574,18.91955667766354,19.177107718113778,41890409
2023-09-01,19.25910758972168,19.447171735647245,19.036217084600338,19.126766822688268,33312919
2023-09-04,19.084972381591797,19.300898195388616,19.02925051349088,19.1755221106322,11195852
2023-09-05,18.799400329589844,19.133734636994802,18.771538635564806,19.084977425062924,23401321
2023-09-06,18.618301391601562,18.92477398955319,18.527751643190534,18.848156592677185,21773767
2023-09-08,18.64615249633789,18.882973757823848,18.47898543247902,18.562568964408456,25732129
2023-09-11,19.119800567626953,19.14766074953938,18.72974296861791,18.806360350406468,31296405
2023-09-12,19.231246948242188,19.293933490169927,19.029251962396376,19.140697212307238,18673652
2023-09-13,19.32876205444336,19.530757063341966,19.14766406712915,19.266074000137717,26195186
2023-09-14,19.25214195251465,19.48199711583503,19.133730530931043,19.36358719947498,34267698
2023-09-15,19.210346221923828,19.502889382027444,19.11283183522262,19.447167520436743,40731689
2023-09-18,19.16159439086914,19.36358939426245,19.057113801466055,19.259108804859366,16235663
2023-09-19,19.104822158813477,19.28771040260851,19.034480877377792,19.20330056086494,21474768
2023-09-20,19.428394317626953,19.5831454394684,19.15406119425411,19.182198314626643,27867381
2023-09-21,18.98525047302246,19.273650772599087,18.96414686273055,19.203309458571297,25385884
2023-09-22,18.93600845336914,19.147033884400066,18.91490636629732,19.076691060653594,18539052
2023-09-25,18.992279052734375,19.125928122640403,18.94303984171089,18.95007336324107,16063674
2023-09-26,18.71091651916504,18.992283284839292,18.696847952865664,18.971181195442437,27469811
2023-09-27,18.675735473632812,18.936001546405553,18.542086437419773,18.858625228559802,26052315
2023-09-28,19.168132781982422,19.259577677584698,18.60539788616838,18.66167213580178,32463735
2023-09-29,19.139989852905273,19.393220859254512,19.006340830711412,19.343981665809217,19969351
2023-10-02,18.962373733520508,19.138342639108856,18.835677520900393,19.103149162209338,14289396
2023-10-03,18.72306251525879,18.955340742108724,18.68786750780747,18.88495376938842,24198953
2023-10-04,19.152416229248047,19.236880859922174,18.73713116131258,18.793440408065184,26973104
2023-10-05,19.4550838470459,19.58881964620966,19.0538749284641,19.117223785139675,32443908
2023-10-06,19.638093948364258,19.912605197462188,19.166498011932585,19.279118050564833,50011299
2023-10-09,19.46916961669922,19.53251850460491,19.28616256335571,19.46213152741693,16544632
2023-10-10,19.448043823242188,19.743670800663942,19.349501497434936,19.511392678559776,27848800
2023-10-11,19.694412231445312,19.722567634277343,19.412862766399382,19.497327453804015,17994759
2023-10-13,19.490280151367188,19.771829483336028,19.419891677556926,19.66624905425674,25238141
2023-10-16,19.518436431884766,19.63809456118836,19.40581638973811,19.624016865783677,12962992
2023-10-17,19.229848861694336,19.462127049848437,19.145382683192015,19.42693356935126,30382867
2023-10-18,18.82863426208496,19.208727389519364,18.730091937436885,19.053874295877836,63292779
2023-10-19,19.04684066772461,19.28615692868123,18.70898053796778,18.779367494591394,26245718
2023-10-20,18.97645378112793,19.16650040525551,18.821602159353976,18.94829990877236,27017857
2023-10-23,18.997570037841797,19.222810130795825,18.877910382846363,18.934221166630298,18187709
2023-10-24,18.997570037841797,19.272081306061338,18.877910382846363,19.18057704295787,17958163
2023-10-25,19.032758712768555,19.588819196270205,18.98348754994044,19.039796798419506,28965258
2023-10-26,19.504356384277344,19.58178141802952,19.06795396372503,19.14537899747721,32592557
2023-10-27,19.215774536132812,19.63809941836553,19.138347952802206,19.59586632170579,34189408
2023-10-30,19.0609188079834,19.34950624952783,18.997569937107805,19.34950624952783,17119856
2023-10-31,18.87790870666504,19.13130416901189,18.765290191278357,19.060917216622535,28770042
2023-11-01,19.14389991760254,19.256594101333746,18.91851155014012,18.94668547659597,29703861
2023-11-03,19.67215347290039,19.798934625052393,19.404505726883723,19.54537232074839,40014727
2023-11-06,19.855283737182617,19.87641342318145,19.636938067522717,19.75667498430591,20420512
2023-11-07,20.411710739135742,20.55257734376691,19.686241941334224,19.855283997820944,68857281
2023-11-08,20.503276824951172,20.587797104915975,20.270845674524814,20.468060168473556,26848927
2023-11-09,20.5948429107666,20.728666824363806,20.270847211262172,20.51032110230158,29266749
2023-11-10,20.84135627746582,21.03857074123403,20.615967883990045,20.721617837254858,27757367
2023-11-13,20.70048713684082,20.792051642858194,20.545533575225598,20.763877714530956,17013694
2023-11-14,21.01040267944336,21.17944326071472,20.728667869960162,20.77092725423161,47389424
2023-11-16,21.348482131958008,21.524566932010888,20.968140120634132,21.13013643193911,46722314
2023-11-17,21.447092056274414,21.54569931309023,21.21466088265039,21.33439783104309,27884376
2023-11-20,21.658382415771484,21.71472873840441,21.306214474608776,21.468212245054893,26508121
2023-11-21,21.6231746673584,21.728824636532877,21.489350764233688,21.57387104399179,18805760
2023-11-22,21.756994247436523,21.99646959424531,21.672473984472333,21.764036968478415,44180768
2023-11-23,21.728830337524414,21.926044882734015,21.538660038696868,21.757004278866642,25892449
2023-11-24,21.609088897705078,21.756999776000388,21.41187439331133,21.644305556047865,23216076
2023-11-27,21.5527400970459,21.806302461525316,21.489351028018657,21.714737936109387,20472630
2023-11-28,21.764039993286133,21.869691478244235,21.468219792843957,21.545695823441726,23380701
2023-11-29,21.911956787109375,22.10212859826655,21.721786498045116,21.97534891292135,25551189
2023-11-30,22.250030517578125,22.299334131446166,21.996469727153478,22.045773341021516,48828674
2023-12-01,22.199047088623047,22.325899143076224,21.938296320221955,22.23428343198371,34579613
2023-12-04,22.22722816467285,22.375221663241103,22.065139829630066,22.072186486395886,14713024
2023-12-05,22.41046714782715,22.52322436274282,22.2131424024606,22.262473588802237,29425256
2023-12-06,22.2131404876709,22.55141210325864,22.07219360044016,22.495034262132375,26385417
2023-12-07,22.459793090820312,22.459793090820312,22.16856824056937,22.33904049999311,22783950
2023-12-08,22.74390983581543,22.814939674964265,22.331934005781385,22.395861475008846,20982366
2023-12-11,22.5876407623291,22.779423156550692,22.537919571417984,22.623157214394467,21996515
2023-12-12,22.473995208740234,22.687086275626857,22.296420598821282,22.644468983239857,16825276
2023-12-13,23.1558837890625,23.276634812825396,22.4739918625595,22.4739918625595,53507397
2023-12-14,23.3476619720459,23.468414516961808,23.020923854876756,23.255323506209383,48235322
2023-12-15,23.24822425842285,23.46841766726537,22.94279320585063,23.383181558519354,31684684
2023-12-18,23.361865997314453,23.46130835710302,23.205600089782415,23.31924872025268,31521986
2023-12-19,23.376075744628906,23.68860914115819,23.31925218843429,23.454209477507117,27090256
2023-12-20,23.134580612182617,23.418701547864604,23.070653133031968,23.290846589563305,25825488
2023-12-21,23.290836334228516,23.347659882350975,23.12036261989447,23.26242379267562,24714129
2023-12-22,23.660202026367188,23.82357189852788,23.297948894383275,23.31215363545472,36993016
2023-12-26,23.90170669555664,23.99404672646635,23.60337949028769,23.702821892044007,26212408
2023-12-27,24.0650691986084,24.11479038424636,23.84487428008064,23.873286824726186,20593974
2023-12-28,24.128999710083008,24.128999710083008,23.96562986017197,24.06507224403228,14225154
2024-01-02,23.82173728942871,24.08468456705319,23.622747628451652,24.08468456705319,21468310
2024-01-03,23.55879020690918,23.999407489130547,23.55879020690918,23.814632995225335,20995509
2024-01-04,23.402441024780273,23.615642818174837,23.238986265318392,23.558788187519493,30121031
2024-01-05,23.949655532836914,23.949655532836914,23.366904853025602,23.38822456908004,31414011
2024-01-08,23.693815231323242,23.9283382751418,23.65828339143623,23.82173814813638,13381523
2024-01-09,23.679607391357422,23.764887815538206,23.302950776759033,23.594326967176638,21458906
2024-01-10,23.658288955688477,23.83595587581678,23.587220651855336,23.601434312621965,11422452
2024-01-11,23.700923919677734,23.864378683907212,23.544576752378227,23.601429848910357,23114559
2024-01-12,23.729352951049805,23.793313649135143,23.423763119728925,23.63696493475284,27608377
2024-01-15,23.771991729736328,23.857270604920622,23.580109653227158,23.71513709857146,11169567
2024-01-16,23.4379825592041,23.857278695216696,23.416662833178247,23.594331312145762,40226258
2024-01-17,23.452192306518555,23.565900052643205,23.33137849816564,23.381125541108815,30594852
2024-01-18,23.35270118713379,23.59433037031562,23.26742075065254,23.59433037031562,25613957
2024-01-19,23.409542083740234,23.48061035687406,23.24608735920417,23.416649678944196,36066109
2024-01-22,23.025785446166992,23.573002842579786,22.72019563291844,23.416655673225367,41153165
2024-01-23,23.13238525390625,23.18213228924361,22.862330358012446,23.153706508894786,24343524
2024-01-24,23.025785446166992,23.50193608703519,22.961824751864235,23.246093309824168,26632184
2024-01-25,22.97603988647461,23.21766902094649,22.9191867855421,23.153708322533884,17399934
2024-01-26,23.317161560058594,23.38822831547795,22.990252027879087,23.011571747348583,16393377
2024-01-29,23.196346282958984,23.3669070993536,23.061317306216676,23.246091779941086,9956124
2024-01-30,23.047103881835938,23.267413269002336,22.976037130250113,23.146599484150144,23823364
2024-01-31,23.295839309692383,23.686709519365348,23.075531455834223,23.082639052541477,27023862
2024-02-01,23.244400024414062,23.50749055667298,22.92442422214828,23.308393648258086,26301462
2024-02-02,23.27994155883789,23.386599084831456,22.888860890311342,23.287051445927432,25338865
2024-02-05,23.720802307128906,23.727912196094866,23.322611646423706,23.379495367977817,21139400
2024-02-06,24.73761749267578,24.79450122755233,23.66392259116988,23.863017968151567,76215210
2024-02-07,24.559852600097656,24.794502047825382,24.246989743012463,24.53141150002305,53422083
2024-02-08,24.07632827758789,24.773161912212682,24.07632827758789,24.481630351299152,55241227
2024-02-09,24.3820858001709,24.467412159047406,23.99100499066054,24.090552665451288,30560069
2024-02-14,24.3820858001709,24.48874336461429,24.261205383204302,24.31809064686128,14313415
2024-02-15,24.588289260864258,24.623843316382622,24.275424943208126,24.446077648617344,32298657
2024-02-16,24.559852600097656,24.737618311066953,24.374978534871236,24.659400291881823,25879532
2024-02-19,24.83005714416504,24.844278463978217,24.566966569144718,24.58829778055979,32035461
2024-02-20,25.370452880859375,25.562436805862482,24.808719348671044,24.808719348671044,62343778
2024-02-21,25.228239059448242,25.47710822692808,25.228239059448242,25.349117930335925,32185244
2024-02-22,25.08513069152832,25.50370640656289,25.08513069152832,25.481675019975544,24314973
2024-02-23,25.158567428588867,25.24668822469562,24.87217523797514,25.114507824001933,25725331
2024-02-26,25.23200225830078,25.290748925588,25.085133209683452,25.180598329324642,15356342
2024-02-27,25.54042625427246,25.591830184098168,25.261376802913734,25.422931330823292,17802262
2024-02-28,25.55511474609375,25.621205743410385,25.305437821445672,25.481679423001392,15121697
2024-02-29,24.923582077026367,25.51839950384009,24.776713008417314,25.459651241623238,48078175
2024-03-01,25.032060623168945,25.17900609361288,24.914504564365515,25.06879659384028,16520612
2024-03-04,24.841035842895508,25.127578674135375,24.841035842895508,25.03941201554437,17674233
2024-03-05,24.81899642944336,25.010024468622262,24.68674563779684,24.921857803444226,20542423
2024-03-06,25.090839385986328,25.19370073872163,24.804296592578392,24.951240474909625,36605983
2024-03-07,24.82634162902832,25.230440542347665,24.613270744415978,25.017369657735323,18729056
2024-03-08,25.054105758666992,25.171660240423193,24.72347881698161,24.7455216715998,19630131
2024-03-11,25.17901039123535,25.17901039123535,24.97328765015568,24.987982358484064,22865412
2024-03-12,25.281871795654297,25.428815703617335,25.076149054298945,25.318607772645056,24434504
2024-03-13,25.531673431396484,25.656576045128123,25.12757459176785,25.208394677245288,30214957
2024-03-14,25.516984939575195,25.66392885321553,25.384734147091745,25.5684156269011,32383745
2024-03-15,25.37738037109375,25.64188189740507,25.274520607010942,25.619840632798653,42577460
2024-03-18,25.480239868164062,25.678615998457254,25.25982247486889,25.47289330974956,14672010
2024-03-19,25.516984939575195,25.605151605311182,25.45085954333347,25.53902620906946,11934228
2024-03-20,25.568418502807617,25.71536243297604,25.392085151501867,25.516987809696847,19759180
2024-03-21,25.303913116455078,25.66392791456903,25.179010476877263,25.56841469174795,38034356
2024-03-22,24.950082778930664,25.305244560544608,24.86869123750109,25.231253122327796,13144839
2024-03-25,24.950082778930664,24.964881386371054,24.824297014165055,24.89088994815424,13844693
2024-03-26,25.44582748413086,25.44582748413086,24.846492711333187,24.920485744322747,19262812
2024-03-27,25.58641242980957,25.66040386549561,25.26824797717153,25.379235130700593,19398772
2024-03-28,25.63080596923828,25.74179471187342,25.445825797503012,25.5790116490712,18913508
2024-04-01,24.755512237548828,25.754913594358182,24.74810836390737,25.599449845685754,35605204
2024-04-02,24.785127639770508,24.84435063732765,24.533426300602574,24.762919215661586,20491664
2024-04-03,24.600055694580078,24.859159335079397,24.43718963495182,24.75551787887967,33775409
2024-04-04,24.27432632446289,24.940593545779027,24.141072560239607,24.703698320448808,54117291
2024-04-05,24.229907989501953,24.422384748400187,24.081848082764754,24.281728716889948,28261098
2024-04-08,24.592647552490234,24.82213883653028,24.348348521325235,24.4001692370633,19296916
2024-04-09,24.851755142211914,24.896173594215764,24.637069957027094,24.711099110566664,20178616
2024-04-10,24.326143264770508,24.799932041809843,24.192889521309432,24.762919068381798,31255391
2024-04-11,24.28172492980957,24.37796249434898,24.09664887540318,24.222500336431537,20688126
2024-04-12,24.030025482177734,24.229906100721745,23.97820315902924,24.207696076572375,25841237
2024-04-15,23.622861862182617,24.155875242728445,23.534026565391652,24.030025372257917,35825686
2024-04-16,23.445192337036133,23.593252248404745,23.230507145341885,23.4748046392699,34875666
2024-04-17,23.459997177124023,23.519220174443163,23.230504262987292,23.459997177124023,28706141
2024-04-18,23.489606857299805,23.689487464209495,23.215697107001322,23.504413005937558,24583607
2024-04-19,23.35635757446289,23.667281955762967,23.282328416953426,23.526625916574876,30496961
2024-04-22,23.341548919677734,23.497009483199676,23.156474458637348,23.422980338703518,24603774
2024-04-23,23.689485549926758,23.918976835767424,23.245307525886897,23.245307525886897,53107109
2024-04-24,23.585844039916992,23.756112335231194,23.408173470806446,23.68948547186478,27387442
2024-04-25,23.452594757080078,23.689489960648586,23.282326429502717,23.52662390827019,23076377
2024-04-26,23.84494972229004,23.948591163376307,23.482204678488106,23.556233822178307,30762989
2024-04-29,23.659879684448242,23.911581059748844,23.474805190838985,23.874566480987045,25020378
2024-04-30,23.215700149536133,23.83754887501831,23.215700149536133,23.62286369113525,53143478
2024-05-02,23.554689407348633,23.78431159408504,23.347289755264903,23.643576344556966,31652054
2024-05-03,23.850971221923828,24.13984972765485,23.762087497946258,23.89541468461359,32765680
2024-05-06,23.999113082885742,24.199106252155097,23.776898983931193,23.83615693069288,21100312
2024-05-07,24.495391845703125,24.621312584922634,23.836157574723252,24.07318616677251,43603391
2024-05-08,24.650941848754883,24.717606241095854,24.162070171821387,24.31762148775096,27721450
2024-05-09,23.910232543945312,24.413917188619582,23.895418054292954,24.36206727518692,31837186
2024-05-10,24.184289932250977,24.458353913497,23.932446879005752,23.947261364573208,26443200
2024-05-13,24.48057746887207,24.576870835044822,24.236142432527004,24.30280682438492,26666401
2024-05-14,24.74724006652832,24.85834634174147,24.30281176427321,24.310218209006912,34497357
2024-05-15,24.680572509765625,24.865749611476417,24.576872692527157,24.82130774734625,23867664
2024-05-16,24.606508255004883,24.9027932977438,24.53243579379404,24.791685406278276,20274355
2024-05-17,24.61390495300293,24.717604756928697,24.487984219864742,24.562055051040048,21065189
2024-05-20,24.53982925415039,24.739820778793916,24.443535912162393,24.584271103759825,17755129
2024-05-21,24.41391372680664,24.650942326232137,24.317621958771955,24.56946344504819,18694273
2024-05-22,24.036148071289062,24.33243299771937,23.939856310567162,24.287991139140296,23786768
2024-05-23,23.82134437561035,24.028744004691948,23.739865492556575,23.999115028908573,21792348
2024-05-24,23.591724395751953,23.880601314297014,23.502837466213876,23.865786826040665,23438031
2024-05-27,23.510242462158203,23.606535829543883,23.406544252151942,23.591722942900812,13641546
2024-05-28,23.384321212768555,23.806528490447583,23.332471308541372,23.79912044658603,28440452
2024-05-29,23.221363067626953,23.354691838703843,22.92507655396702,23.228769510153096,28148705
2024-05-31,22.984333038330078,23.26580344767326,22.962112111461057,23.213953551178427,38825757
2024-06-03,23.308696746826172,23.456924346449266,23.04188738782702,23.0937684090654,25750257
2024-06-04,23.390216827392578,23.47174046760195,23.101173953017106,23.227166343750305,25163703
2024-06-05,23.345748901367188,23.44950772130879,23.219756506184332,23.30869240876116,25288786
2024-06-06,23.6422061920166,23.716320790590455,23.316108364739918,23.35316326160874,14607995
2024-06-07,23.308696746826172,23.568093844957502,23.219760827697158,23.405044926823,26331259
2024-06-10,23.1234130859375,23.419866668656535,22.908483157378075,23.33834141288489,23061082
2024-06-11,23.382808685302734,23.48656912146132,23.15305743783883,23.25681627238537,16807035
2024-06-12,23.345748901367188,23.52362070652085,23.08635185151318,23.471741296550046,39355661
2024-06-13,23.101177215576172,23.471743782495814,23.101177215576172,23.345751373968813,23094958
2024-06-14,23.078941345214844,23.24940249361158,22.930713772205387,23.071529085677867,17478111
2024-06-17,23.6422061920166,23.716320790590455,23.190114347970397,23.279050264646955,30480419
2024-06-18,23.62738800048828,23.88678512579221,23.508806228690446,23.59774215713575,24588705
2024-06-19,23.812667846679688,23.93124960517788,23.419867673568803,23.523624910441104,16497726
2024-06-20,23.649620056152344,24.057244770303743,23.612563555158975,23.997953087424612,23141638
2024-06-21,23.814708709716797,24.03881207422067,23.635425049527665,23.814708709716797,58654050
2024-06-24,24.1583309173584,24.546775839015545,23.88940626828049,23.896875679950497,36808677
2024-06-25,24.233036041259766,24.412318098100226,24.08363325101928,24.15086442591199,27162088
2024-06-26,24.188209533691406,24.188209533691406,23.762414336412682,24.07615867576852,26776528
2024-06-27,24.233036041259766,24.360027363662578,24.113514131929406,24.240505454332222,17012674
2024-06-28,24.21061897277832,24.307729385331346,23.941694353349117,24.262909691632924,32848049
2024-07-01,24.09675407409668,24.41066940945279,24.04443485153733,24.201392519215382,17694174
2024-07-02,24.41067123413086,24.41067123413086,24.08928239232398,24.12665303763271,34497357
2024-07-03,24.560152053833008,24.88154246664236,24.485410773491566,24.560152053833008,28588875
2024-07-04,24.597518920898438,24.84416640034264,24.590045440086488,24.791847189091165,11373280
2024-07-05,24.612470626831055,24.72458254439936,24.37329659779128,24.664789844734162,19063291
2024-07-08,24.567625045776367,24.664790000433857,24.36582326984162,24.537729503349794,19708195
2024-07-09,24.739532470703125,24.739532470703125,24.328452186848356,24.470462884768974,19027715
2024-07-10,25.00113296508789,25.02355502927413,24.739535217092808,24.799329541842457,38936224
2024-07-11,25.150611877441406,25.15808535934995,24.948808483636416,25.00112931775432,22220282
2024-07-12,25.00860595703125,25.1805122145264,24.90396750596374,25.15061505273862,24991940
2024-07-15,25.10576820373535,25.16556252467599,24.948810534050658,25.03850040027196,22336415
2024-07-16,25.255250930786133,25.30009666889889,25.05344914725261,25.083344690804893,22061662
2024-07-17,25.531795501708984,25.59906330099494,25.120715223934614,25.2029316025274,18500757
2024-07-18,25.41221046447754,25.56916813665688,25.24030421182545,25.464529688537322,17774957
2024-07-19,25.60653305053711,25.87560420845998,25.457050509637128,25.524318299117848,26942513
2024-07-22,25.591585159301758,25.74854117547153,25.539265948848747,25.621480697282582,14046027
2024-07-23,25.554224014282227,25.711183329033805,25.486957813204356,25.56917259736285,19171379
2024-07-24,25.516841888427734,25.658852556231906,25.4495741024124,25.63642888410064,17873754
2024-07-25,25.404733657836914,25.56916479114334,25.292620126555267,25.464526356714853,22461951
2024-07-26,25.591585159301758,25.6663264270377,25.352411164319637,25.352411164319637,12668639
2024-07-29,25.778444290161133,25.86813415522378,25.59906456003584,25.62148662250409,17147388
2024-07-30,25.681283950805664,25.793395891468602,25.51685116627223,25.72612808099491,19972297
2024-07-31,25.322513580322266,25.71864519992379,25.300091523420818,25.606531685038078,28667619
2024-08-01,24.954336166381836,25.5151912000601,24.87955431013499,25.440410959844726,25644208
2024-08-02,24.640256881713867,25.081462555402858,24.520607529384502,25.044072435805827,27354812
2024-08-05,24.640256881713867,24.700080749862828,24.1915722144866,24.266352453680664,30036736
2024-08-06,25.186155319213867,25.380584896583187,24.68512258178726,24.68512258178726,29244996
2024-08-07,25.25345802307129,25.560059584860713,24.72999312442941,25.46284398252804,46066533
2024-08-08,25.163721084594727,25.53014650884494,25.081461854162235,25.313283174832762,22235464
2024-08-09,25.844228744506836,25.844228744506836,25.238502966774966,25.27589308776376,27350166
2024-08-12,25.88161277770996,26.03865384438018,25.77692142664853,25.926481884763056,23753798
2024-08-13,26.614463806152344,26.614463806152344,25.956393299120112,26.061086260873825,44797573
2024-08-14,27.27253532409668,27.50435501430032,26.614466369709124,26.614466369709124,61454486
2024-08-15,27.706260681152344,27.736173415667885,27.339835339445592,27.42209455134781,36976474
2024-08-16,27.474451065063477,28.035304537906114,27.399670817488676,27.84835230293748,39069012
2024-08-19,27.638965606689453,27.86330631741508,27.504356655366166,27.579140124337503,25227717
2024-08-20,27.840877532958984,27.938091535064906,27.474452044337642,27.66888004854949,17856533
2024-08-21,27.72870635986328,27.953050349267826,27.601579607496994,27.915658607012578,16012462
2024-08-22,27.474451065063477,27.48192682737668,27.145414097258445,27.160372086011357,24315199
2024-08-23,27.265066146850586,27.706271887265782,27.19776165895304,27.511840650305896,24645695
2024-08-26,27.324878692626953,27.39966214860453,27.11549277283909,27.31740293267898,16314180
2024-08-27,27.35479736328125,27.452014584318672,27.167845146902128,27.317408859243187,16586780
2024-08-28,27.945571899414062,28.020352153319493,27.09307151038415,27.190283901223093,36121512
2024-08-29,27.638965606689453,27.953044540943008,27.638965606689453,27.81095982837282,25176619
2024-08-30,27.444538116455078,27.646445106618692,27.227673137649276,27.54175211437634,69846390
2024-09-02,27.225807189941406,27.457738426285616,27.1883974656714,27.360477670248514,11520344
2024-09-03,27.667224884033203,27.674707475546537,27.20335918170858,27.300623170528613,17829227
2024-09-04,27.86174964904785,28.27324372608247,27.697155251852152,27.79441601841572,23012702
2024-09-05,28.041311264038086,28.131089434370374,27.786932236321245,27.90664077492164,13102351
2024-09-06,27.644786834716797,28.116132005619228,27.58493255579056,28.116132005619228,18068290
2024-09-09,27.914125442504883,28.01887205051154,27.65974960002497,27.69715933385725,15484371
2024-09-10,27.914125442504883,27.96650036331752,27.69715933385725,27.71960388070917,15099944
2024-09-11,27.966493606567383,28.086198905396163,27.78693080789745,27.966493606567383,22282257
2024-09-12,27.659740447998047,27.89167166688487,27.457736359551063,27.839299997019538,16309421
2024-09-13,27.689678192138672,27.92909209380933,27.367965458616965,27.801904165900904,22909713
2024-09-16,27.682193756103516,27.84679140885222,27.555005836658996,27.727086082792255,12252828
2024-09-17,27.614858627319336,27.667230310949822,27.42781643812212,27.614858627319336,19981701
2024-09-18,27.457744598388672,27.704641073386753,27.35300122722922,27.569967329189144,18703790
2024-09-19,27.38292121887207,27.59240790650857,27.210841020531987,27.532553643293088,27012532
2024-09-20,27.083654403686523,27.498237384315324,27.068578392379532,27.377632551776482,34731661
2024-09-23,26.92535972595215,27.121344634143842,26.81229207355803,26.94043573872977,17373195
2024-09-24,26.917818069458008,27.385166243256517,26.774598415263032,27.174105357293726,27208315
2024-09-25,27.257030487060547,27.264567679450582,26.970589483939538,26.970589483939538,24582587
2024-09-26,27.603769302368164,27.807291393438707,27.39270839076397,27.51331648763337,42599440
2024-09-27,27.709306716918945,27.784685167433782,27.52839778409972,27.543472171035457,31411178
2024-09-30,27.219337463378906,27.890209432923186,27.219337463378906,27.588695698072193,28491777
2024-10-01,26.77260971069336,27.38347777944476,26.719818683264354,27.345768505776807,30144937
2024-10-02,26.938528060913086,27.345772963210994,26.787697460675908,27.051652640846346,23530370
2024-10-03,26.27486801147461,26.636864373960606,26.131578293955776,26.561449076267603,35700490
2024-10-04,26.327661514282227,26.501118019043606,26.116498986894364,26.16174751785052,17541559
2024-10-07,26.501113891601562,26.63686272283865,26.28240888994645,26.546364045265666,26410683
2024-10-08,26.65949249267578,26.780157956911243,26.599158945680323,26.68211675792135,26176152
2024-10-09,26.169282913208008,26.546362617529493,26.116493514738544,26.47848820556142,23707005
2024-10-10,26.312576293945312,26.372908203864633,26.071245394757526,26.176827459432776,23211884
2024-10-11,26.116493225097656,26.372905856627636,26.056159690792878,26.267323801349384,19225310
2024-10-14,26.28241729736328,26.448331321028377,26.108960764130476,26.199459470652865,16356101
2024-10-15,26.584070205688477,26.629320356823033,26.1919087482095,26.320115065124718,32631872
2024-10-16,26.425695419311523,26.599151876189232,26.282405727913858,26.584068493449212,39642197
2024-10-17,26.478492736816406,26.71982365850062,26.048621930706688,26.161746513264156,22310809
2024-10-18,26.60669708251953,26.682112374117857,26.410614716755582,26.54636354543672,17703125
2024-10-21,26.470945358276367,26.712276235557102,26.395530070284305,26.689651975110504,16873089
2024-10-22,26.516197204589844,26.584071620025195,26.252242049983035,26.39553175823313,24850542
2024-10-23,26.682113647460938,26.697197032451463,26.395532592151532,26.403075099524425,17395402
2024-10-24,26.923444747924805,27.021484306459048,26.614239427708878,26.68211384579312,24236796
2024-10-25,26.621780395507812,26.983776749930843,26.56144848464828,26.923444839071312,17380220
2024-10-28,26.946069717407227,27.08181855713595,26.765070721183818,26.878195297542863,11933889
2024-10-29,26.65949249267578,27.10444506786774,26.65949249267578,27.04411152087228,13225282
2024-10-30,26.584070205688477,26.840484469274042,26.493571533174492,26.651944617512747,12081065
2024-10-31,26.410615921020508,26.855570073152,26.410615921020508,26.584072403410037,22748147
2024-11-01,26.26547622680664,26.635199732901686,26.25038686909308,26.40883816969987,25777562
2024-11-04,26.620115280151367,26.81629490292008,26.325845030709743,26.506933662407466,23226386
2024-11-05,27.41992950439453,27.65383583000475,26.861570891088807,26.937025859493218,59510598
2024-11-06,27.29165267944336,27.487833924848836,26.801202827083735,27.06529108369453,44058971
2024-11-07,26.89175033569336,27.525562226895847,26.831386366677563,27.26147393889481,16816325
2024-11-08,26.469209671020508,26.688024987187767,26.31830137565955,26.46166335943496,26247984
2024-11-11,26.499391555786133,26.72575155210386,26.34093694944011,26.378665246070323,20677703
2024-11-12,26.182477951049805,26.620111742213734,26.152297603496027,26.522021128577528,26591283
2024-11-13,26.04666519165039,26.295662462327847,25.88066592414738,26.257935800779997,29706013
2024-11-14,25.971214294433594,26.11457628293802,25.78258095723162,25.993849968782367,35013665
2024-11-18,25.88066291809082,26.08438882347878,25.820298962163925,25.94102524344084,20962992
2024-11-19,26.114574432373047,26.182483081184454,25.775032818893216,25.88066813247158,18019798
2024-11-21,25.661849975585938,25.978755881137797,25.661849975585938,25.83539391870867,28727441
2024-11-22,25.737302780151367,25.95611968992249,25.609031810643664,25.95611968992249,14604143
2024-11-25,25.729759216308594,25.812757219284176,25.631668592057554,25.722212905670865,27017291
2024-11-26,26.2202091217041,26.5295687245359,25.78257691300289,25.805212583801058,30264922
2024-11-27,25.578853607177734,26.295665141347282,25.44303630730667,26.16739252232362,26816070
2024-11-28,24.658308029174805,25.52602757066072,24.620581376167017,25.480754608705357,44303925
2024-11-29,24.597951889038086,24.846949165894454,24.281045967479596,24.718678187333285,41721478
2024-12-02,24.248899459838867,24.64902161218066,24.158306103573985,24.45273410356979,25024231
2024-12-03,24.520681381225586,24.550878079279364,24.294197172790778,24.31684510419618,23357474
2024-12-04,24.671667098999023,24.800007538370398,24.430083751921075,24.467832475463325,25113058
2024-12-05,25.20013427734375,25.29072764126421,24.762266623638258,24.898155853788754,36947243
2024-12-06,24.686767578125,25.207681392131914,24.67166841419521,25.124636806248166,24236456
2024-12-09,24.807567596435547,25.011403930811003,24.7245229826388,24.7245229826388,18324009
2024-12-10,25.14333152770996,25.28051727663369,24.922307206787803,24.952793660782476,21447916
2024-12-11,25.38722038269043,25.72256646413954,24.884202084029912,25.166197689953623,35985666
2024-12-12,24.754636764526367,25.288141512247567,24.670799833591246,25.150954106540325,27479555
2024-12-13,24.434537887573242,24.868964223200134,24.426917095293227,24.79274971229342,27998356
2024-12-16,24.167776107788086,24.4726373275922,24.167776107788086,24.396421199128167,37414605
2024-12-17,24.297344207763672,24.525989313267186,24.083942328897212,24.236371301215478,45447689
2024-12-18,23.603797912597656,24.266867841251077,23.527581747732416,24.213517349358806,58162101
2024-12-19,23.733356475830078,24.038216111404115,23.55806181479408,23.77146372439854,53287369
2024-12-20,24.007726669311523,24.022969896249272,23.672380617759423,23.672380617759423,60210112
2024-12-23,23.54281997680664,23.862922860124133,23.43611901570081,23.725735439551936,31425454
2024-12-26,23.69524574279785,23.801948336352222,23.466600622090926,23.5123303050428,23278278
2024-12-27,23.458980560302734,23.8019490755272,23.458980560302734,23.740976163031178,15418543
2024-12-30,23.420875549316406,23.68000715810927,23.420875549316406,23.527576509344097,32151480
2025-01-02,23.31231689453125,23.5258414167261,23.0606632287977,23.373324842571304,29053972
2025-01-03,22.740379333496094,23.350449003538458,22.740379333496094,23.32757184410441,40039200
2025-01-06,23.762248992919922,23.830880474779626,22.96153024352085,23.037790192208785,35104078
2025-01-07,24.02152442932129,24.296056909277894,23.82325188711525,23.884258189342987,28624338
2025-01-08,23.632612228393555,23.952899127569573,23.533476748919032,23.808007670509937,21783171
2025-01-09,23.693613052368164,23.769871344036794,23.579223966892457,23.64785708858333,11465733
2025-01-10,23.365705490112305,23.747000343263267,23.297072350626205,23.68599237573198,21853643
2025-01-13,23.533472061157227,23.739369799343184,23.358076653978824,23.358076653978824,17535780
2025-01-14,23.548723220825195,23.602102710200636,23.19793241882974,23.586852369220722,22928521
2025-01-15,24.570589065551758,24.6239702008679,23.693613741921695,23.769872035809662,40308287
2025-01-16,24.49432945251465,24.700227164518044,24.288431740511253,24.51720660985442,24765227
2025-01-17,24.66972541809082,24.83749563712556,24.471452871209298,24.608719114424492,23627808
2025-01-20,24.906129837036133,25.08915206401463,24.555339020631365,24.555339020631365,10462575
2025-01-21,24.959508895874023,25.089148315971844,24.806990670838644,24.90612611633485,15918423
2025-01-22,24.867996215820312,25.134901865535966,24.791737929608026,25.051016761918863,23835940
2025-01-23,24.814619064331055,25.066272767556605,24.65447564882635,24.944258501271175,22913792
2025-01-24,24.753612518310547,24.86037479429209,24.639223423774382,24.730733710619578,9909218
2025-01-27,25.348432540893555,25.401813683799702,24.639225692572875,24.753614797642076,22917984
2025-01-28,25.394184112548828,25.508573197798206,25.142530432162065,25.348428148854527,16244500
2025-01-29,25.333181381225586,25.584835097098683,25.317929391176765,25.500949975816653,13655935
2025-01-30,25.950878143310547,26.06526725296357,25.340808385071472,25.340808385071472,29709865
2025-01-31,25.78310775756836,26.09576778670398,25.78310775756836,26.042388293314996,20432975
2025-02-03,25.544788360595703,25.781313552803244,25.361670540300288,25.697386269369602,25677405
2025-02-04,25.636341094970703,25.857606285230368,25.346406942538497,25.48374321805024,23154667
2025-02-05,26.025466918945312,26.254362934572665,25.750791040659085,25.804200056011016,45348664
2025-02-06,26.071247100830078,26.23910330163422,25.140403072703457,25.407448152732908,44044581
2025-02-07,25.88050079345703,26.300143779248412,25.712642939607047,26.162805834977256,40083613
2025-02-10,26.162805557250977,26.35355086800989,25.949169490134143,25.987318552285924,42687021
2025-02-11,26.43747901916504,26.62822597316675,26.246733713996843,26.246733713996843,35512412
2025-02-12,25.70501136779785,26.406957680223005,25.5829333898036,26.246732292095245,34311545
2025-02-13,25.84235191345215,25.865241021381173,25.59819593276394,25.720273923108046,15168830
2025-02-14,26.529041290283203,26.628230183721595,25.97969109709977,26.017841812999457,33546090
2025-02-17,26.58245086669922,26.93342492913782,26.58245086669922,26.612970780520094,20231641
2025-02-18,26.53798484802246,26.65788456250576,26.266209743517397,26.625910614355096,34668327
2025-02-19,26.290184020996094,26.442057652897727,26.178276952501474,26.41807806033101,25496918
2025-02-20,26.218244552612305,26.410084742867184,26.098343138162452,26.29018332841733,17946380
2025-02-21,26.138309478759766,26.226236951625364,26.010415443879094,26.194263011058347,34362303
2025-02-24,25.99443244934082,26.354135017266348,25.83456617682961,26.27420015362309,29019415
2025-02-25,26.258214950561523,26.49002347966818,26.082361693470066,26.20226140593409,29667378
2025-02-26,26.194263458251953,26.521992036190433,26.178276487695513,26.498010716662062,24486962
2025-02-27,26.1702823638916,26.474029604866097,26.1702823638916,26.35412992365637,23485390
2025-02-28,25.53081512451172,26.306172012325877,25.53081512451172,26.17028534599312,40016653
2025-03-05,25.912826538085938,26.048790048578827,25.592915547432902,25.920825306649135,29404182
2025-03-06,25.96082305908203,26.176763960801402,25.76087797175035,25.91283561591895,21081617
2025-03-07,26.072786331176758,26.328715848740167,25.792863961448848,25.89683413972344,23391804
2025-03-10,26.304718017578125,26.304718017578125,25.80085781433336,25.95281540650112,31361893
2025-03-11,26.072786331176758,26.352708700904667,25.920828720230553,26.352708700904667,21005253
2025-03-12,26.152759552001953,26.232738593900077,25.92082465135325,26.168755360381578,20300754
2025-03-13,26.57664680480957,26.65662413154596,26.104778157385194,26.152763862089976,32681045
2025-03-14,27.44040870666504,27.632354983606206,26.656624331079556,26.712608805882617,35848233
2025-03-17,28.26418113708496,28.35215723764372,27.392422358238683,27.424413981776908,30713817
2025-03-18,28.416139602661133,28.67126891920558,28.284177176235623,28.424938595653224,30775164
2025-03-19,28.48651885986328,28.688862843713267,28.363351979760942,28.59208948375522,25414117
2025-03-20,28.222593307495117,28.636076825545008,28.02024931642278,28.44253182706325,32136515
2025-03-21,28.284177780151367,28.4161402093945,28.134619092891096,28.24898699245989,49041184
2025-03-24,28.310565948486328,28.433731097116606,28.099424706067232,28.22259158304009,32838563
2025-03-25,28.5393009185791,28.98797688314602,28.416134052516707,28.416134052516707,19574017
2025-03-26,28.231388092041016,28.680064111826642,28.117020203176825,28.636076063415192,32860090
2025-03-27,28.266578674316406,28.328161250315034,28.11702000212396,28.284174930560745,29373952
2025-03-28,27.87948989868164,28.27537891656835,27.685943158005625,28.13461922184289,22939851
2025-03-31,27.63315200805664,27.800305190477495,27.35162922133921,27.800305190477495,26139340
2025-04-01,27.6398868560791,27.877555170860724,27.437429110346624,27.6310846461454,12749134
2025-04-02,27.648691177368164,27.833544505787483,27.446233428838184,27.613480607832496,12147820
2025-04-03,28.141630172729492,28.344087918874102,27.36700975727187,27.419824746295927,32876673
2025-04-04,27.411026000976562,27.939175957972953,27.208568229242186,27.79833712231695,32585286
2025-04-07,27.463838577270508,27.83354524391351,26.88287194643973,27.19976362203579,33261069
2025-04-08,27.47264289855957,27.965584005751612,27.278987340068802,27.763126236295726,37102660
2025-04-09,27.974384307861328,28.47612759178162,27.12934444383929,27.287789418343422,37906369
2025-04-10,27.859952926635742,28.20325124605934,27.402222410509093,27.868755137256827,36347258
2025-04-11,28.000791549682617,28.282470916665854,27.67509767400639,27.956778770303973,28350853
2025-04-14,28.458524703979492,28.62577189785694,28.141633008587352,28.308881931779304,27027200
2025-04-15,28.819425582885742,28.8634383635365,28.34408893530905,28.423312286343297,25716216
2025-04-16,28.775413513183594,28.97787127159054,28.60816632603008,28.696190160191993,32431301
2025-04-17,28.828229904174805,28.898651050098547,28.484931573411483,28.66978491981816,20502356
2025-04-22,29.391592025756836,29.523628647485957,28.713797578106497,28.78421699440773,21624747
2025-04-23,30.00776481628418,30.078182496882423,29.53242817910245,29.655662578778095,28074813
2025-04-24,30.588726043701172,30.641539294844925,29.99015165367523,30.060572780495008,27701953
2025-04-25,30.474292755126953,30.78238045300154,30.368662786102192,30.588728391979785,32716096
2025-04-28,30.79999351501465,30.87041120046662,30.342261266432086,30.465495674601986,15664343
2025-04-29,31.046464920043945,31.178501549904706,30.67675820607873,30.80879829456873,25215842
2025-04-30,31.3193359375,31.407361488045392,30.83519713881452,30.852801557197928,32424606
2025-05-02,31.23801040649414,31.422955497945566,30.603915916099766,31.193974048348483,39184393
2025-05-05,30.683176040649414,31.16755523252017,30.603916822262505,31.044259654683714,28440154
2025-05-06,30.5246524810791,30.71840414727519,30.313287656200735,30.665561210882842,17773062
2025-05-07,30.859310150146484,30.94737939612101,30.586295833659975,30.753627747046096,13799837
2025-05-08,31.10590171813965,31.7047663041412,30.947376398670645,31.352492814708235,34181683
2025-05-09,32.78802490234375,32.80563806392842,31.51983574409438,32.05705447415729,59744738
2025-05-12,32.12750244140625,32.97296166604383,31.924944213808065,32.97296166604383,27701747
2025-05-13,32.52381134033203,32.682336687224876,32.16273121072462,32.30363993880511,25374256
2025-05-14,32.743980407714844,32.88488911085964,32.41812665270541,32.53261562282522,18405585
2025-05-15,33.184326171875,33.26358883855372,32.77920972034505,32.9025052794313,27141221
2025-05-16,33.378074645996094,33.466143882783825,32.91130872912459,33.184323017132066,30524874
2025-05-19,33.77438735961914,33.98575216178424,33.210745580282115,33.30762140296988,25052690
2025-05-20,33.7303581237793,33.80081075857414,33.342854791025594,33.80081075857414,18517546
2025-05-21,33.05223083496094,33.64229247670084,32.779216464824735,33.63348243606145,20822892
2025-05-22,32.82325744628906,33.23718061972404,32.708764965667726,33.149111344047995,23576494
2025-05-23,33.21955871582031,33.21955871582031,32.02181895798698,32.23318724020143,20729677
2025-05-26,33.29001235961914,33.686322277734526,33.0610343723711,33.13148700823476,6695412
2025-05-27,33.554222106933594,34.01217810847761,33.351663846170865,33.730360627687034,15157789
2025-05-28,33.28120422363281,33.598251451228265,33.2019415516476,33.53660539773064,14984646
2025-05-29,33.016998291015625,33.430917867835696,32.893699269453215,33.16671358813392,18040759
2025-05-30,32.96415710449219,33.21955827943031,32.66472303405375,33.140295607184314,32129614
2025-06-02,32.733001708984375,33.270473788870135,32.62726597781613,33.19117372148293,23768074
2025-06-03,32.62727355957031,32.73300931530888,32.40699823606897,32.60965208760681,24216330
2025-06-04,32.5479736328125,32.85635974681554,32.31007339951066,32.750627463785314,17784701
2025-06-05,32.15147018432617,32.60083143056128,32.054548656043224,32.60083143056128,25542146
2025-06-06,32.230777740478516,32.38056370339333,31.984066764765515,32.133852727680335,18733537
2025-06-09,32.0633659362793,32.27483050262454,31.60519040121232,32.133851817075424,24664895
2025-06-10,32.0136604309082,32.52943935948115,31.986983294827734,32.45829683587481,20974508
2025-06-11,32.30711364746094,32.53832244036861,31.78244592783608,31.986977589421592,16665400
2025-06-12,32.55610656738281,32.75174582709508,32.067008418102155,32.09368554604727,22525482
2025-06-13,32.16482925415039,32.3248990159385,31.933620481840894,32.16482925415039,14821597
2025-06-16,32.75175094604492,33.098564145708885,32.47607676535332,32.484969142724864,17874002
2025-06-17,32.947383880615234,32.982953383239874,32.69838688007106,32.89402613262104,20133513
2025-06-18,32.75175094604492,32.974067368449354,32.64503892352848,32.840674719760365,20285232
2025-06-20,32.582786560058594,32.60946369034921,32.360470152854795,32.47607454483846,21841974
2025-06-23,32.51164245605469,32.582784960728624,32.14704454447294,32.582784960728624,14711387
2025-06-24,33.12523651123047,33.418695404437564,32.52942984278171,32.653926602126646,20742037
2025-06-25,32.52943420410156,33.02742130824793,32.4049339340071,32.99185179911115,20384627
2025-06-26,32.289329528808594,32.71617761459619,32.19150988464411,32.573896084019616,23717707
2025-06-27,32.253753662109375,32.33378504187608,31.960294787459905,32.01364904063771,14240265
2025-06-30,32.858455657958984,32.86734803335208,31.94250954595547,32.14704116811104,30712643
2025-07-01,33.00761413574219,33.06989401169605,32.74960499763449,32.85636450659447,18712010
2025-07-02,32.74070358276367,33.16775908036912,32.51828095642927,33.0076128318012,20331479
2025-07-03,33.55032730102539,33.630400432090994,32.77629635599752,32.77629635599752,13945170
2025-07-04,33.568115234375,33.79943796476948,33.43466236756316,33.541425360157994,7528785
2025-07-07,33.12327575683594,33.612607680946674,33.05210274658523,33.577021175821315,13885121
2025-07-08,33.04319381713867,33.20334003897173,32.82966785184559,33.06098706495868,21526588
2025-07-09,32.35813522338867,32.9987131672087,32.26026885732782,32.98981654263287,16093132
2025-07-10,31.361677169799805,31.939975224770507,31.352780545548455,31.939975224770507,39571879
2025-07-11,31.103668212890625,31.31719421132052,30.89903883975139,31.272711084867222,43139284
2025-07-14,31.0502872467041,31.165946866686017,30.70330489103147,31.076977121532185,26665052
2025-07-15,31.15705108642578,31.33499058155747,30.86345196817659,31.050288088492167,27356285
2025-07-16,31.30829429626465,31.406160659905485,31.032491949780475,31.21932805270631,27655294
2025-07-17,31.779829025268555,31.886592000363265,31.30829051275994,31.32608725504759,25587775
2025-07-18,31.201528549194336,31.779830055545744,31.130355560641313,31.51292086129286,32227155
2025-07-21,31.566307067871094,31.65527680765809,31.148151737880887,31.18373823550501,12354541
2025-07-22,31.139257431030273,31.797628660436317,31.08587418489433,31.584102667346414,23330324
2025-07-23,31.48623275756836,31.610788990252498,31.014697699037008,31.103663939721,13271962
2025-07-24,31.192638397216797,31.379474522384402,31.005802272049195,31.379474522384402,11460089
2025-07-25,31.326099395751953,31.57521193560995,31.165953123180675,31.165953123180675,18518061
2025-07-28,30.66771697998047,31.42395803112357,30.383014507735147,31.388368037263696,17849385
2025-07-29,30.84565544128418,31.014698293275707,30.5787462269386,30.64102609233722,16655821
2025-07-30,31.201528549194336,31.370571388460466,30.52536418358252,30.703300150691426,19531787
2025-07-31,31.281604766845703,31.334988009293816,30.81896281662661,30.854552810167586,22001830
2025-08-01,31.09258460998535,31.831399812047728,30.923456847863562,31.68897882643321,16498643
2025-08-04,31.421937942504883,31.65337337335232,31.181601417969684,31.546556751616365,17430072
2025-08-05,31.769102096557617,31.982735390532994,31.208312076759547,31.35073660439887,49690805
2025-08-06,32.16965103149414,33.06869278236436,32.1340431667435,32.30317090623338,41157358
2025-08-07,32.73934555053711,32.94407770204073,32.14295128355129,32.25867249742969,26887326
2025-08-08,32.961875915527344,33.06869602276449,32.71263832526037,32.748242696017826,18329262
2025-08-11,33.1666145324707,33.264530068696445,32.70374363211852,32.76605479061965,22695226
2025-08-12,33.852020263671875,34.065653505912046,33.282329286042916,33.34464043898078,27812781
2025-08-13,33.53157424926758,33.932137498817646,33.51377205995125,33.75410861068802,22618491
2025-08-14,33.487056732177734,33.825312232793614,33.18441259607238,33.24672024277784,26818728
2025-08-15,33.371341705322266,33.673985833938175,33.246719420030786,33.371341705322266,19527976
2025-08-18,33.6116828918457,33.878722689161926,33.38914856158796,33.46925840229322,21658634
2025-08-19,32.63505935668945,33.18332354543281,32.257569975446536,33.174332423800486,40817973
2025-08-20,32.653038024902344,32.832796910297134,32.40137841052564,32.5991124781659,16894884
2025-08-21,32.688987731933594,32.74291327175975,32.34744518715647,32.40137425845216,16147619
2025-08-22,33.60574722290039,33.632713521925595,32.706960052614015,32.805827065121825,32623087
2025-08-25,33.434974670410156,33.77651360455742,33.354082847950124,33.68663419420946,11064054
2025-08-26,33.21027755737305,33.51586613672134,32.850759919801554,33.47991225408299,22088247
2025-08-27,33.76753616333008,33.785511344507206,32.94064957742377,33.07546696772204,12612968
2025-08-28,34.468597412109375,34.80114890135045,33.90236147437135,34.01021610686765,25167947
2025-08-29,34.594417572021484,34.738222531387244,34.44162502341219,34.57644239353442,32600942
2025-09-01,34.871055603027344,35.13182230785663,34.610285365108986,34.70020601497431,14863209
2025-09-02,34.277591705322266,34.60130402198697,34.13371720918898,34.30456684843846,24358676
2025-09-03,33.98085403442383,34.430453878807135,33.83698307348639,34.27759120362924,20686108
2025-09-04,34.115726470947266,34.484400813571746,33.729072236521084,33.97185553872931,15877244
2025-09-05,34.4933967590332,34.90702971464624,34.2506134270307,34.45742990483722,15664343
2025-09-08,34.33154296875,34.53835945009078,33.962868574581705,34.49339734848765,11800195
2025-09-09,34.03480529785156,34.50238853561277,33.989843196934636,34.50238853561277,19497179
2025-09-10,34.061771392822266,34.48439595052069,33.989834170313316,34.04378797046725,14517129
2025-09-11,34.124717712402344,34.835084110783946,34.124717712402344,34.21463482630714,18078972
2025-09-12,33.61217498779297,33.953870645211914,33.50426737693518,33.91790379698546,22589754
2025-09-15,34.1696891784668,34.33154711082233,33.63916034055299,33.729081021518255,14196181
2025-09-16,34.07975387573242,34.39447435753626,33.87293745817308,34.34052055886963,19993536
2025-09-17,34.565330505371094,34.9070261849511,34.04379350681658,34.10673549529505,25226348
2025-09-18,34.610286712646484,34.66424051790198,34.313549616464286,34.56532815250791,15433005
2025-09-19,35.068885803222656,35.068885803222656,34.5743239182665,34.61928248367632,26702853
2025-09-22,34.565330505371094,34.94299303551023,34.42145603695571,34.82609723810363,18325039
2025-09-23,35.11383819580078,35.28468778050287,34.59230126328224,34.59230126328224,16930110
2025-09-24,34.88005065917969,35.194771197340785,34.80811342577191,35.122833963933004,18713452
2025-09-25,34.601295471191406,35.0868655927377,34.59230375904141,34.89803257140919,15146768
2025-09-26,34.77214050292969,34.9429865444383,34.61028263930175,34.655244727237864,12786935
2025-09-29,34.969970703125,35.39259531742611,34.94299203289031,35.140816771468195,19124422
2025-09-30,35.13182067871094,35.51847839527489,34.81710018532116,35.4285577495794,33263438
2025-10-01,34.49999237060547,35.45357664029799,34.45501348110022,35.318636437095435,25519177
2025-10-02,34.12215042114258,34.81484995800895,34.086167314957514,34.56295761065469,17094601
2025-10-03,34.37404251098633,34.37404251098633,33.93323532477648,34.10415861256135,17766985
2025-10-06,33.978214263916016,34.41002567436813,33.978214263916016,34.365046791898635,14832309
2025-10-07,33.43844223022461,33.94221973555707,33.25851967278563,33.933227495839084,20705472
2025-10-08,33.50141525268555,33.690333599198865,33.330491991061926,33.51041102778754,15395204
2025-10-09,33.44744110107422,33.66334677611461,33.24952697650623,33.66334677611461,18067539
2025-10-10,33.411460876464844,33.78929764762806,33.31250379519288,33.6183708159711,23250808
2025-10-13,33.54640579223633,33.762311516376414,33.53741001495437,33.53741001495437,8194989
2025-10-14,33.690338134765625,34.041187549719425,33.456440881253876,33.456440881253876,21154861
2025-10-15,33.690338134765625,33.91523961196432,33.339492254498005,33.573389508009754,21972166
2025-10-16,33.609371185302734,34.00519946500427,33.375473941728565,33.57338808157933,15847580
2025-10-17,33.7263298034668,33.84327491297359,33.29451480262359,33.42046275915815,17469315
2025-10-20,34.32905960083008,34.49998642084613,33.80728689911845,33.843270004517116,19114019
2025-10-21,34.00520324707031,34.39203579386459,33.97821591627623,34.32906182065864,14013871
2025-10-22,34.28408432006836,34.28408432006836,33.95122995611116,34.12215325939375,13890374
2025-10-23,34.25708770751953,34.49098492318474,34.07716514099909,34.41001941478198,11432588
2025-10-24,34.21210861206055,34.65291929619761,34.16712973341694,34.52697136662363,10169911
2025-10-27,34.49999237060547,34.73388966540637,34.35605285481507,34.47300503690232,11194349
2025-10-28,34.61692810058594,34.61692810058594,34.35604003474632,34.401022442153035,10478499
2025-10-29,35.390602111816406,35.54353385317663,34.6799109968215,34.6799109968215,27235466
2025-10-30,35.34561538696289,35.696461245945045,35.102722371874165,35.32762383542831,18657008
2025-10-31,35.48055648803711,35.65147974975322,35.37260011738334,35.48055648803711,16449821
2025-11-03,36.072444915771484,36.11744746304497,35.59544125404171,35.91044493988388,17968144
2025-11-04,35.96445083618164,36.15345379216412,35.829450240309335,36.04545260821253,20386481
2025-11-05,36.11745071411133,36.1444501231449,35.37043877403543,35.964446990384324,36312135
2025-11-06,36.11745071411133,36.711455394191844,36.009449541708655,36.08144796579819,23226500
2025-11-07,36.15345764160156,36.18045705639703,35.793451299252084,36.11745842187427,12706904
2025-11-10,36.396453857421875,36.468455822087314,36.19845110679335,36.31545208920682,16552409
2025-11-11,37.09846878051758,37.23346939001681,36.396459245837164,36.540463196487515,37289193
2025-11-12,36.25244903564453,37.2154597242253,36.11744846262394,37.09845875610503,36789128
2025-11-13,36.396453857421875,36.94545955529084,36.162451892594916,36.41445346452109,33686974
2025-11-14,36.540462493896484,36.61246093156818,36.189455965170794,36.378458936597085,17006742
2025-11-17,36.27045440673828,36.63046070705037,36.17145302777933,36.54045913197235,43985120
2025-11-18,36.09044647216797,36.315448611900734,35.91044688214271,35.95544589558196,17147337
2025-11-19,35.865447998046875,36.1804517331212,35.76644662209388,36.04545114273752,25766686
2025-11-21,35.973445892333984,36.027448245316855,35.595443566527,35.86544472263652,16502454
2025-11-24,35.83844757080078,36.15345129694121,35.74844600100801,35.92844914059355,29014997
2025-11-25,35.91944885253906,36.1984498252364,35.75744532184448,36.00044708161789,30345963
2025-11-26,36.76546096801758,36.81945979081331,35.97344994353063,36.090450929190084,22251296
2025-11-27,36.63945388793945,36.792457613562775,36.52245644734391,36.594454872325784,9469408
2025-11-28,37.476470947265625,37.71947272708624,37.080465427358874,37.14346759144177,45311657
2025-12-01,37.18622589111328,37.591402922102695,37.05116452227148,37.55538490611982,15912985
2025-12-02,38.01458740234375,38.01458740234375,37.31228030889521,37.3302875481022,21175667
2025-12-03,38.01458740234375,38.2306813483636,37.744468200934925,38.08661989693971,23159653
2025-12-04,38.95100021362305,38.95100021362305,38.13164243221503,38.140646052866245,23199514
2025-12-05,37.150211334228516,39.07705331572711,37.05116797214755,38.996017194430266,39832160
2025-12-08,37.33028793334961,37.888530043367275,37.114193985099675,37.77147944954589,40458400
2025-12-09,37.24925231933594,37.36630645249981,36.6730029621746,37.24925231933594,24725047
2025-12-10,37.54240798950195,37.73278250879011,37.01886964624826,37.31395183418716,25643189
2025-12-11,37.513858795166016,37.84701896929192,37.33299902574812,37.504340253627696,21275268
2025-12-12,37.847015380859375,38.132582820217856,37.456743994506795,37.78990413704441,17595593
2025-12-15,38.418148040771484,38.6275634028542,37.98028023643387,38.24680683903314,17767809
2025-12-16,37.42818069458008,38.275360642790936,37.42818069458008,38.22776794461916,20379168
2025-12-17,37.09502029418945,37.44722121825621,36.885608683793016,37.21876878864725,31625017
2025-12-18,37.285396575927734,37.37106716748305,36.95223648885168,36.95223648885168,21898830
2025-12-19,37.628082275390625,38.07546865527558,37.30444066652761,37.45674480016587,35446214
2025-12-22,37.704227447509766,37.80893511770345,37.399622976028695,37.57096416001616,15858704
2025-12-23,38.32295608520508,38.40862293968816,37.82797333661034,37.88508831302645,10490138
2025-12-26,38.3353271484375,38.45298302384573,37.95295490359562,38.25689363825929,12196300
2025-12-29,38.217674255371094,38.50200367182925,38.10002212238953,38.413763637069614,10657000
2025-12-30,38.46278762817383,38.89418130478031,38.384354114288165,38.46278762817383,13764900
2026-01-02,38.40215301513672,39.0103086453663,38.40215301513672,38.87298354258818,18846800
2026-01-05,38.961265563964844,39.373240883545854,38.31387310331717,38.49043502366004,24438700
2026-01-06,39.196678161621094,39.70674550531076,39.196678161621094,39.32419593300062,21959800
2026-01-07,38.568904876708984,39.21629733680687,38.441387102829985,39.137827451070294,20894500
2026-01-08,39.167259216308594,39.32420275375574,38.48062983679142,38.59833655441951,17209400
2026-01-09,39.08877944946289,39.520376916161,39.010309563954095,39.16725307680018,17023600
2026-01-12,38.735660552978516,39.147635883787615,38.735660552978516,39.088780661459765,10672200
2026-01-13,38.42177200317383,38.81413269111549,38.42177200317383,38.716044390044495,17397400
2026-01-14,38.84355163574219,38.90240685118287,38.47081316343575,38.71603761502965,21222100
2026-01-15,39.17706298828125,39.45171696021341,38.90241275817784,39.03973787322955,19093500
2026-01-16,38.85336685180664,39.32419740004787,38.70623066843125,39.20649069844471,19742500
2026-01-19,38.79450988769531,39.10839690575838,38.77489148133782,38.9612644708198,7190900
2026-01-20,39.15744400024414,39.324198595929296,38.32368224730443,38.59833247334035,20693900
2026-01-21,40.87401580810547,40.97210784826914,39.47133518113789,39.500760922272626,39510800
2026-01-22,42.257083892822266,42.737721774821765,41.099624056007116,41.158475536023374,42959700
2026-01-23,42.73772048950195,43.071225919602185,42.217845808574246,42.364978246018524,41025100
2026-01-26,43.30664825439453,43.49301752758427,42.45326429914142,42.67887039042235,25371700
2026-01-27,44.45429611206055,45.189969596362296,43.836329337535005,43.92461030532437,40280000
2026-01-28,45.45480728149414,45.53327716506028,44.758370694345366,44.76817802660548,36337500
2026-01-29,45.26844024658203,46.151246124450545,44.77799128937888,45.78831494383222,36252700
2026-01-30,44.630855560302734,45.494046781488734,44.120788190594126,45.20958548537321,38117000
2026-02-02,45.02158737182617,45.23746863175385,44.58000611213988,44.933271119888914,28095400
2026-02-03,45.2767219543457,46.101005739639,45.031399443762275,45.43372821138612,48570600
2026-02-04,43.78515625,45.11971117267586,43.22582128142616,45.04120992369002,48683500
2026-02-05,44.66832733154297,45.02159237857783,43.90292222518396,44.39356729199354,36014400
2026-02-06,45.87530517578125,46.06174891873856,44.2659902562472,44.73700898318467,38175900
2026-02-09,47.406124114990234,47.49444037006508,45.86549902127036,46.12063278963962,41656900
2026-02-10,47.51406478881836,48.269658614120644,47.28836851528516,47.406126022339166,43939300
2026-02-11,48.446285247802734,48.74067149303662,47.69069151426377,47.8869502588611,45819200
2026-02-12,47.337432861328125,48.181339145713984,46.97435285375316,48.1322753927057,42023800
2026-02-13,46.876224517822266,47.17061077398442,45.72811325246821,47.17061077398442,32353500
2026-02-18,47.09211349487305,47.51406479355569,46.630905950510495,47.17061475625889,23368500
2026-02-19,47.64162826538086,48.25002701104427,47.033229519717445,47.20004702122022,32026400
2026-02-20,48.30890655517578,48.36778530314349,47.12154654609254,47.150984048414244,31655900
2026-02-23,46.56221389770508,47.97527023050063,46.40520763850557,47.886953975743126,34148200
2026-02-24,47.26873779296875,47.44537029351748,46.365952784230196,46.74865528764433,38465900
2026-02-25,46.89584732055664,47.59256228237508,46.18931736303706,47.435556041073404,28980200
2026-02-26,46.77809524536133,47.249117767098284,46.27763896308699,46.895852747457816,26516600
2026-02-27,45.904747009277344,46.72903079505134,45.41410198782436,46.709404544994285,44765800
2026-03-02,45.07835388183594,45.480842795389826,44.74458916386766,44.990007041041714,47144000
2026-03-03,43.56658172607422,44.047598658560375,42.64380812984605,43.409514437640844,54352300
2026-03-04,44.18503189086914,44.6562374990615,43.704014960309586,44.4108196278186,27146100
2026-03-05,42.712528228759766,44.175220511165946,42.53583079191256,43.97888544882702,37085400
2026-03-06,42.14316177368164,42.79106487506458,41.86829492605856,42.66344651947674,26063600
2026-03-09,42.36894607543945,42.48674561881551,41.573790731896125,41.74067685106051,40970400
2026-03-10,42.997215270996094,43.389885408359696,42.035177553713226,42.78125006574808,50383100
2026-03-11,43.085567474365234,43.625486124826885,42.408215394125726,42.476932109014655,18482600
2026-03-12,41.90755844116211,42.427846925497654,41.52470712376984,42.300228571440265,27095200
2026-03-13,41.62287521362305,42.55546019020313,41.55415850471251,42.044994279661935,24896600
2026-03-16,42.211875915527344,42.673262734328894,42.064623687677575,42.457293798757156,17777300
2026-03-17,41.92719268798828,42.58491460022614,41.495258536737396,42.11371268664883,22436600
2026-03-18,41.505069732666016,42.25114216814269,41.495254665390085,41.72103866053236,23872800
2026-03-19,41.79957962036133,41.81920975746913,40.61175410721554,40.93570754119532,32908000
2026-03-20,41.12541580200195,41.83805960761132,40.778993827450925,41.67969473699994,37660900
2026-03-23,42.34284210205078,42.699163968243425,41.630202145381446,42.105296708399656,27535500
2026-03-24,42.10529327392578,42.37253465177174,41.53121836394952,42.065701119641425,18609000
2026-03-25,42.65957260131836,43.05548663236212,42.41212727584501,42.70906468698585,35148900
2026-03-26,41.51142501831055,42.40222966974644,41.51142501831055,42.25376096926849,18260900
2026-03-27,41.02643966674805,41.38276157383439,40.75919823643329,41.38276157383439,27910700
2026-03-30,41.17490005493164,41.630202316783475,40.8086820357107,41.5708140802682,18528100
2026-03-31,43.03569412231445,43.19405899272242,41.71928684499508,41.8578556346375,33419700
2026-04-01,43.400264739990234,43.84584963321424,43.07349845584403,43.4101650316482,26681100
2026-04-02,42.87546157836914,43.57849943064073,42.05360133154501,42.20212838041173,17811800
2026-04-06,43.063602447509766,43.31115131383248,42.77644485602439,42.92497190944046,11004600
2026-04-07,43.03389358520508,43.0437976550448,42.22193361395939,42.87546246343265,20302000
2026-04-08,44.53899002075195,45.28163659379599,44.26173650888351,45.25193193960888,35777600
2026-04-09,45.30143737792969,45.50937749540861,44.54889057202219,44.75683068950111,22162900
2026-04-10,45.61830139160156,45.92526332284266,45.321243529562636,45.38065661288868,29705900
2026-04-13,45.38066101074219,45.588601156591416,44.79644552195435,45.311343851496424,31011600
2026-04-14,46.073787689208984,46.38074960262147,45.40045455980417,45.54898537084466,23343300
2026-04-15,46.578792572021484,46.94516381276781,45.91535968912311,45.91535968912311,28907200
2026-04-16,46.51938247680664,47.00457991650396,46.06389346961058,46.80654006811126,22566300
2026-04-17,46.34114456176758,47.430361782182395,46.29163554658866,47.0342821061596,39165500
2026-04-20,45.91536331176758,46.568892176932174,45.776736549050234,46.34114766999711,19194500
2026-04-22,44.588497161865234,45.8064370371671,44.53898814787,45.8064370371671,25440000
2026-04-23,43.74683380126953,44.67761613291297,43.68742071645562,44.45977570985346,20444200
2026-04-24,43.93497085571289,44.083501683444474,43.459677495186035,44.02408859689267,18234600
2026-04-27,43.55870056152344,44.12311167949713,43.548796491498095,44.06369859123296,13718400
2026-04-28,43.66761779785156,44.17261959221826,42.77644415996848,43.251737522298626,27131800
2026-04-29,42.449676513671875,43.57849868586856,42.34075441332031,43.42006757007421,18628100
2026-04-30,42.766536712646484,43.13291171956059,42.707127407857065,42.89526316851619,22735500
2026-05-04,42.00196838378906,42.84398743453161,41.853375008299665,42.705302299480984,25336300
2026-05-05,42.061405181884766,42.29915384085768,41.72459678602374,42.10103058819471,29386700
2026-05-06,41.387786865234375,42.88361377778382,41.150041993907884,42.83408391116468,38718400
2026-05-07,40.40708541870117,41.47694497053977,40.139619586019805,41.39769793431206,36335300
2026-05-08,40.8726692199707,41.15994774580748,40.59529893510028,40.773609483627475,35920000
2026-05-11,39.95140075683594,40.724077236050405,39.73346481495022,40.565579399829836,41215600
2026-05-12,39.4957160949707,39.951400679751295,39.396656364606415,39.91177527605099,43381700
2026-05-13,39.257972717285156,40.18914706618814,39.00041136236549,39.55515569851916,48564700
2026-05-14,40.02074432373047,40.26839743519195,39.6145933720891,39.77309121226898,34925200
2026-05-15,39.32731246948242,39.674025292935355,39.20844004128233,39.406559495320366,46869600
2026-05-18,39.24806594848633,39.47590636860679,38.93107025276335,39.29759581740177,22993100
2026-05-19,38.415950775146484,39.04994215788948,38.336703741746966,38.68341659828245,41150400
2026-05-20,39.29759216308594,39.60468336802387,38.73294339640612,38.85181960541292,38261500
2026-05-21,39.743370056152344,40.07027397539425,38.88153829097565,39.059848832582766,40949800
2026-05-22,39.059852600097656,39.66412685173072,38.94098015385593,39.63440590600509,21539700
2026-05-25,39.94149398803711,40.109900070849804,39.485813164474855,39.485813164474855,11436200
2026-05-26,39.683937072753906,39.981120059205885,39.27778610952931,39.84243491745407,23046600
2026-05-27,39.94149398803711,40.43680021683607,39.91177682355289,40.218864266920804,21601400
2026-05-28,39.6245002746582,40.07027665852547,39.34712998197938,39.94149597454452,20196600
2026-05-29,39.66412353515625,39.78299597145828,39.16881730853009,39.495717453082314,80334400
2026-06-01,39.00822067260742,39.701965179932316,38.89920319252165,39.6920524377772,32832400
2026-06-02,39.2064323425293,39.63258950347225,39.11723656975977,39.275806412394125,23121000
2026-06-03,38.373939514160156,38.94875377284701,38.29465270297398,38.879379703360726,40844400
2026-06-05,38.48295593261719,38.81991352909693,38.22527758394038,38.403669123607976,34727700
2026-06-08,38.17572784423828,38.73072420366456,38.08653206826983,38.37394109979076,23153100
2026-06-09,38.86947250366211,38.98839894522738,38.42349362203809,38.572150728843816,28212000
2026-06-10,39.00822067260742,39.23616459433068,38.304567203730834,38.68116823235008,41470600
2026-06-11,40.138031005859375,40.25695744656705,38.86947222336851,38.88929392692035,57558800
2026-06-12,40.23713302612305,40.75248594186314,39.75151455400468,39.86053202587704,30651000
2026-06-15,40.03892517089844,41.11918341093287,39.959638358864986,40.9110574196467,25132500
2026-06-16,40.088478088378906,40.26686963729952,39.77133839709855,39.919995500796844,20052700
2026-06-17,40.43534851074219,41.25793218551748,40.26686970348653,40.58400939528817,28205700
2026-06-18,40.12812042236328,41.01016540144847,40.09838597793572,40.55427379939048,20051100
2026-06-19,39.869998931884766,40.369998931884766,39.7599983215332,40.36000061035156,48413400
2026-06-22,40.939998626708984,41.02000045776367,40.099998474121094,40.15999984741211,25404800
2026-06-23,41.04999923706055,41.380001068115234,40.38999938964844,40.52000045776367,21074900
2026-06-24,40.970001220703125,41.47999954223633,40.810001373291016,40.810001373291016,22041600
2026-06-25,41.70000076293945,42.11000061035156,41.220001220703125,41.29999923706055,20778400
2026-06-26,42.2400016784668,42.540000915527344,41.400001525878906,41.5099983215332,23041700
